3.96572 -0.80639 
3.95791 -0.804725 
3.97589 -0.799518 
3.94962 -0.803522 
4.10359 -0.799635 
3.96764 -0.799817 
3.99036 -0.790382 
4.06668 -0.792865 
4.12161 -0.794877 
4.043 -0.814127 
4.02881 -0.820793 
4.01845 -0.841107 
4.03763 -0.838627 
3.17352 -0.855712 
3.22788 -0.855403 
3.21455 -0.86558 
3.16249 -0.858015 
3.19744 -0.863895 
3.18272 -0.85426 
3.153 -0.863043 
3.16283 -0.867607 
3.17659 -0.880942 
3.32423 -0.886457 
3.2902 -0.902028 
3.41311 -0.921625 
3.49594 -0.961307 
3.40774 -0.976655 
3.34638 -1.03417 
3.50668 -1.05198 
3.37121 -1.12282 
3.40007 -1.14575 
3.1345 -1.19173 
3.19432 -1.18341 
2.9671 -1.14245 
2.99232 -1.11208 
2.9136 -1.05275 
2.90977 -1.02427 
2.92406 -0.973705 
3.01782 -0.959227 
2.88628 -0.915475 
2.99184 -0.916297 
3.01585 -0.885588 
3.09409 -0.887022 
3.11427 -0.86451 
3.10425 -0.871637 
3.12366 -0.856185 
3.11734 -0.865813 
3.11671 -0.860312 
3.13095 -0.862925 
3.09644 -0.85836 
3.13133 -0.855543 
2.20222 -0.844908 
2.33462 -0.838032 
2.2306 -0.823443 
2.20721 -0.814032 
2.22216 -0.800298 
2.33875 -0.799457 
2.31046 -0.794342 
2.35284 -0.794773 
2.19398 -0.793032 
2.25859 -0.802815 
2.26224 -0.802885 
2.17499 -0.804992 
2.28113 -0.80242 
4.06716 -0.72097 
3.9499 -0.728393 
4.06184 -0.720818 
3.94799 -0.73343 
3.95441 -0.729977 
4.10589 -0.741392 
3.93409 -0.74479 
3.95882 -0.764608 
4.1777 -0.773818 
4.17128 -0.800408 
4.06524 -0.805615 
4.09487 -0.833082 
4.1011 -0.844158 
3.78817 -0.862528 
3.22424 -0.869997 
3.15281 -0.876003 
3.1785 -0.879195 
3.15943 -0.884402 
3.20056 -0.874128 
3.15521 -0.884928 
3.31325 -0.880758 
3.16801 -0.897342 
3.27845 -0.894568 
3.18344 -0.919747 
3.31848 -0.92825 
3.28953 -0.959527 
3.39331 -0.974245 
3.27208 -1.02349 
3.38473 -1.0454 
3.20573 -1.1069 
3.24878 -1.125 
3.06087 -1.16278 
3.0415 -1.16403 
2.92453 -1.12564 
3.07558 -1.1056 
2.87621 -1.04836 
2.87295 -1.02371 
2.89194 -0.97856 
2.99749 -0.965173 
2.87219 -0.930747 
3.01168 -0.920458 
3.05341 -0.89928 
3.10511 -0.894962 
3.0323 -0.884238 
3.07932 -0.887517 
3.08925 -0.877992 
3.10113 -0.884445 
3.10792 -0.876113 
3.12122 -0.876308 
2.95675 -0.86504 
2.45782 -0.862827 
2.12734 -0.848075 
2.16521 -0.834748 
2.16483 -0.804272 
2.25255 -0.791058 
2.15505 -0.77339 
2.12226 -0.767887 
2.26766 -0.740582 
2.35504 -0.741842 
2.23151 -0.726618 
2.32475 -0.730053 
2.26128 -0.729665 
2.32911 -0.723715 
2.26348 -0.723897 
3.95446 -0.630872 
3.9837 -0.636417 
4.16111 -0.633133 
4.0384 -0.65675 
4.17837 -0.657083 
3.96318 -0.692945 
4.05872 -0.705448 
4.13379 -0.733895 
4.07157 -0.744453 
4.28843 -0.782748 
4.1638 -0.789875 
3.99341 -0.823398 
4.06591 -0.83459 
3.95499 -0.864642 
4.21787 -0.872577 
3.19691 -0.885865 
3.1694 -0.889435 
3.21652 -0.89861 
3.16964 -0.887915 
3.14409 -0.906218 
3.15089 -0.891553 
3.21709 -0.907128 
3.19356 -0.906328 
3.22663 -0.938748 
3.30645 -0.936655 
3.1948 -0.966922 
3.49345 -0.974272 
3.32231 -1.02876 
3.36977 -1.04113 
3.27553 -1.10695 
3.26978 -1.11847 
3.15741 -1.14224 
3.28195 -1.14888 
2.87353 -1.12612 
2.98474 -1.10626 
2.86759 -1.04693 
3.03685 -1.0229 
2.89194 -0.978673 
3.03335 -0.970453 
3.01696 -0.9361 
3.04754 -0.936727 
3.066 -0.910568 
3.10832 -0.908035 
3.02472 -0.895275 
3.12177 -0.905767 
3.12951 -0.89188 
3.06695 -0.893647 
3.04859 -0.889742 
3.13718 -0.884672 
2.47167 -0.870687 
2.29905 -0.862842 
2.34872 -0.835598 
2.21948 -0.820505 
2.21238 -0.790865 
2.32868 -0.77762 
2.23458 -0.745032 
2.32034 -0.730383 
2.32762 -0.704072 
2.25764 -0.692237 
2.19407 -0.65985 
2.28659 -0.649117 
2.15946 -0.64177 
2.35528 -0.638077 
2.30251 -0.640122 
4.15651 -0.563985 
4.10436 -0.561463 
4.1777 -0.559435 
4.03782 -0.589052 
4.2173 -0.607658 
4.24961 -0.646673 
4.202 -0.661507 
4.07032 -0.706182 
4.19151 -0.720463 
4.08614 -0.757243 
4.19122 -0.775013 
4.05201 -0.806767 
4.0663 -0.820448 
4.2846 -0.85761 
4.1406 -0.872472 
3.15348 -0.893792 
3.1739 -0.892315 
3.20794 -0.914575 
3.18311 -0.901922 
3.16547 -0.912418 
3.20343 -0.904338 
3.15751 -0.920308 
3.29758 -0.917418 
3.18598 -0.940395 
3.23392 -0.941982 
3.28607 -0.974152 
3.32893 -0.98705 
3.17479 -1.0315 
3.3738 -1.04072 
3.2436 -1.1018 
3.24811 -1.11811 
3.10063 -1.14176 
3.2134 -1.14162 
3.08939 -1.11659 
3.0021 -1.11032 
2.99117 -1.03482 
2.988 -1.03474 
2.9485 -0.995792 
3.07208 -0.980773 
2.95867 -0.945198 
3.05655 -0.945378 
3.06437 -0.923453 
3.06576 -0.924692 
3.07808 -0.911548 
3.11643 -0.907075 
3.14011 -0.901275 
3.0461 -0.904135 
3.04236 -0.894885 
2.41947 -0.890757 
1.9936 -0.872677 
2.18477 -0.857165 
2.20912 -0.82152 
2.30682 -0.803827 
2.20356 -0.770788 
2.32556 -0.758593 
2.11411 -0.71858 
2.20951 -0.710317 
1.98411 -0.665792 
2.2329 -0.640243 
2.14978 -0.601148 
2.11814 -0.588985 
2.22216 -0.560243 
2.18564 -0.56195 
2.19695 -0.563397 
4.18302 -0.501708 
4.03993 -0.51187 
4.26149 -0.512987 
4.05455 -0.54268 
4.17502 -0.55938 
4.12161 -0.605198 
4.20047 -0.62987 
4.04635 -0.675232 
4.14856 -0.695213 
4.03121 -0.738805 
4.00657 -0.754435 
4.18873 -0.788965 
4.22391 -0.810553 
4.0894 -0.846147 
4.16188 -0.861035 
4.122 -0.8978 
3.1926 -0.89921 
3.18196 -0.916775 
3.23181 -0.914153 
3.19298 -0.924998 
3.18943 -0.92018 
3.1671 -0.935013 
3.17393 -0.9267 
3.21743 -0.947823 
3.21264 -0.94778 
3.18675 -0.974007 
3.27026 -0.989308 
3.32289 -1.03097 
3.32663 -1.03804 
3.27793 -1.10304 
3.28857 -1.11162 
3.06135 -1.12922 
3.14356 -1.13969 
3.05051 -1.10415 
3.10526 -1.1069 
3.02678 -1.04291 
3.02415 -1.03067 
3.01389 -0.983148 
3.03028 -0.98396 
3.02122 -0.957335 
3.12477 -0.943353 
3.10183 -0.926275 
3.12177 -0.928763 
3.08694 -0.921367 
3.08608 -0.924328 
3.12405 -0.913172 
3.13018 -0.916363 
3.05051 -0.898088 
2.21986 -0.889942 
2.09331 -0.861548 
2.02658 -0.847122 
2.20663 -0.808233 
2.33903 -0.790927 
2.06608 -0.74926 
2.07922 -0.734757 
2.07284 -0.69345 
2.3538 -0.676458 
1.95755 -0.627117 
2.07231 -0.604147 
2.04 -0.571417 
2.14211 -0.536482 
1.92639 -0.522463 
1.99293 -0.509253 
2.07193 -0.498297 
4.44989 -0.496855 
4.32065 -0.475722 
4.34308 -0.539452 
4.68286 -0.518997 
4.42486 -0.545442 
4.1382 -0.582053 
4.21696 -0.603685 
3.94655 -0.653872 
4.15268 -0.675122 
4.02286 -0.719932 
4.09477 -0.733398 
3.97013 -0.777965 
4.12914 -0.795307 
4.27041 -0.834987 
3.95115 -0.854128 
4.18791 -0.88735 
4.09151 -0.904482 
3.15176 -0.916388 
3.18234 -0.919617 
3.15267 -0.928918 
3.15075 -0.927393 
3.14706 -0.93716 
3.17812 -0.932483 
3.14265 -0.958258 
3.22486 -0.952602 
3.16892 -0.977535 
3.30707 -0.991815 
3.2007 -1.03109 
3.32557 -1.03322 
3.28828 -1.09877 
3.28118 -1.11257 
3.10296 -1.13293 
3.2066 -1.13763 
2.98714 -1.11393 
3.05737 -1.09571 
2.95119 -1.04871 
3.02443 -1.03453 
2.96614 -0.984618 
2.99117 -0.984778 
3.06916 -0.946718 
3.11178 -0.959017 
3.10382 -0.935037 
3.05023 -0.939898 
3.06408 -0.924212 
3.13733 -0.930118 
3.08742 -0.920035 
3.07295 -0.917298 
2.09062 -0.900238 
2.20069 -0.88817 
2.07001 -0.852625 
2.11478 -0.832223 
2.01968 -0.796403 
2.08904 -0.772853 
2.15524 -0.731228 
2.18027 -0.712117 
2.15491 -0.66803 
1.96637 -0.650883 
2.05189 -0.609252 
2.20874 -0.582713 
1.78421 -0.557427 
2.19129 -0.521413 
1.961 -0.511495 
2.20361 -0.476872 
1.74998 -0.474387 
4.59629 -0.521342 
4.41024 -0.524727 
4.48526 -0.549907 
4.37741 -0.557265 
4.56378 -0.580078 
4.24731 -0.612958 
4.16418 -0.628763 
4.17947 -0.657323 
4.05728 -0.67358 
4.21567 -0.712003 
4.25574 -0.730832 
4.23091 -0.77117 
4.21404 -0.788802 
4.08135 -0.825557 
4.12952 -0.850283 
3.97493 -0.885853 
4.02095 -0.898283 
3.19039 -0.92041 
3.21752 -0.926832 
3.14298 -0.937622 
3.21388 -0.934203 
3.18426 -0.944932 
3.17021 -0.940038 
3.182 -0.95659 
3.15473 -0.962447 
3.1682 -0.983057 
3.23536 -0.986907 
3.22385 -1.03396 
3.25019 -1.04337 
3.19787 -1.0959 
3.31877 -1.10693 
3.12975 -1.13671 
3.19734 -1.13478 
3.0671 -1.11015 
3.0067 -1.10145 
2.95406 -1.04753 
3.05713 -1.03002 
3.00497 -0.996067 
3.11844 -0.978617 
3.0321 -0.956657 
3.11312 -0.957028 
3.11254 -0.940693 
3.13402 -0.944707 
3.06835 -0.940747 
3.13862 -0.931963 
3.13953 -0.9252 
3.06159 -0.91799 
2.23453 -0.897952 
1.81921 -0.883443 
1.60234 -0.84549 
2.11814 -0.82818 
2.09935 -0.788883 
2.16397 -0.772017 
2.25524 -0.729317 
2.07643 -0.711728 
1.96704 -0.676225 
2.0051 -0.660178 
1.99935 -0.626003 
1.97006 -0.605737 
1.90985 -0.585413 
1.69054 -0.556615 
1.90338 -0.539087 
1.81551 -0.525345 
1.70905 -0.52215 
4.53857 -0.706177 
3.96419 -0.713877 
4.01251 -0.714092 
4.00781 -0.716932 
4.05383 -0.71372 
4.10488 -0.705117 
3.93092 -0.709115 
4.04856 -0.712445 
3.95096 -0.718775 
4.12094 -0.736858 
4.17506 -0.747035 
4.14645 -0.77628 
4.27578 -0.79237 
4.26849 -0.827122 
4.11538 -0.849383 
4.66388 -0.880482 
4.4124 -0.897242 
3.45798 -0.921578 
3.23603 -0.92793 
3.18493 -0.942115 
3.19768 -0.940595 
3.15919 -0.950527 
3.19308 -0.950225 
3.21091 -0.962892 
3.19226 -0.962955 
3.20367 -0.986228 
3.18157 -0.993027 
3.17769 -1.03159 
3.21436 -1.03794 
3.20079 -1.09997 
3.20631 -1.10752 
3.2042 -1.1396 
3.15199 -1.13218 
3.07774 -1.1113 
3.1194 -1.0986 
3.06173 -1.04079 
3.04951 -1.03217 
2.98455 -0.994082 
3.05727 -0.982907 
3.07285 -0.960523 
3.12424 -0.964858 
3.07712 -0.947302 
3.11619 -0.952457 
3.05895 -0.93996 
3.05358 -0.93941 
3.0623 -0.927102 
3.13459 -0.917412 
2.34939 -0.896557 
2.01182 -0.881198 
2.02744 -0.848742 
2.13367 -0.831135 
2.0889 -0.795085 
2.15078 -0.779457 
2.10251 -0.748928 
2.21526 -0.735512 
2.0748 -0.713872 
2.24172 -0.71506 
1.9912 -0.702677 
2.01807 -0.708343 
2.31487 -0.71345 
2.30155 -0.715747 
1.69836 -0.711633 
2.26396 -0.710122 
1.58364 -0.705485 
3.56018 -0.878442 
3.58904 -0.873537 
3.70744 -0.866212 
3.72872 -0.846708 
3.89339 -0.847152 
3.96841 -0.824095 
4.10273 -0.814087 
4.02785 -0.794705 
4.03533 -0.78113 
4.10359 -0.77637 
4.09937 -0.778355 
3.96639 -0.797483 
4.06102 -0.808157 
4.15987 -0.835508 
3.9779 -0.854115 
4.23551 -0.887427 
4.04127 -0.899847 
3.7642 -0.92454 
3.189 -0.928295 
3.18335 -0.940235 
3.14706 -0.942055 
3.18867 -0.9552 
3.24734 -0.95676 
3.20861 -0.969637 
3.16019 -0.963858 
3.19116 -0.98988 
3.2135 -0.995183 
3.17582 -1.03284 
3.24063 -1.04214 
3.17285 -1.10231 
3.23958 -1.11022 
2.97094 -1.14342 
3.16431 -1.13426 
3.06921 -1.11427 
3.08838 -1.10092 
3.08455 -1.04094 
3.07688 -1.03668 
3.01389 -0.992428 
3.07793 -0.992477 
3.12266 -0.964368 
3.08359 -0.962425 
3.01389 -0.953917 
3.09318 -0.952705 
3.07764 -0.943687 
3.14083 -0.945843 
3.10372 -0.930522 
2.28525 -0.924767 
1.97337 -0.901418 
2.1631 -0.883833 
2.20754 -0.855785 
2.20232 -0.836328 
2.29273 -0.810008 
2.20241 -0.80155 
2.34939 -0.778018 
2.29637 -0.77535 
2.16828 -0.7884 
2.28175 -0.794853 
2.34248 -0.82329 
2.2166 -0.821992 
2.49502 -0.84494 
2.53279 -0.843903 
2.63212 -0.874158 
2.57603 -0.868613 
2.59248 -0.87882 
3.55864 -0.98644 
3.36057 -0.976385 
3.56085 -0.960185 
3.62556 -0.941345 
3.65989 -0.925782 
3.66463 -0.900838 
3.71204 -0.892792 
3.59297 -0.864327 
3.98893 -0.861477 
3.93591 -0.839862 
3.97924 -0.822235 
4.02641 -0.813092 
4.21864 -0.818727 
4.12238 -0.84447 
4.15881 -0.857138 
4.17914 -0.886472 
4.08768 -0.903312 
4.45324 -0.930028 
3.19816 -0.933255 
3.21724 -0.949982 
3.16106 -0.947712 
3.22165 -0.962083 
3.15358 -0.954017 
3.14476 -0.976158 
3.28646 -0.967885 
3.18025 -0.986728 
3.17347 -0.99561 
3.17179 -1.03075 
3.17275 -1.03142 
3.24983 -1.11057 
3.1634 -1.10851 
3.13934 -1.14119 
3.14653 -1.1396 
3.0252 -1.11057 
3.10399 -1.09494 
3.08004 -1.03789 
3.04375 -1.0305 
3.10372 -0.990432 
3.08354 -0.986952 
3.067 -0.964402 
3.11921 -0.96639 
3.11134 -0.952647 
3.13948 -0.959617 
3.12812 -0.952118 
3.03258 -0.950738 
3.06437 -0.930553 
2.11939 -0.929582 
2.10472 -0.900135 
2.14556 -0.885002 
2.0795 -0.861038 
2.26425 -0.844527 
2.15313 -0.822657 
2.02399 -0.813293 
2.3246 -0.823538 
2.27374 -0.831007 
2.31037 -0.8621 
2.58342 -0.861728 
2.60202 -0.89095 
2.69559 -0.900488 
2.74367 -0.925223 
2.65139 -0.94483 
2.67776 -0.960672 
2.65398 -0.97887 
2.6558 -0.993818 
3.40716 -1.0629 
3.43209 -1.04854 
3.57648 -1.02838 
3.48904 -1.00572 
3.65854 -0.986627 
3.5968 -0.968158 
3.6456 -0.958645 
3.72815 -0.924872 
3.83035 -0.91321 
3.77263 -0.885617 
3.93941 -0.882853 
4.05613 -0.847827 
4.11548 -0.839838 
3.93409 -0.848505 
4.04185 -0.857035 
4.2753 -0.888558 
4.17588 -0.900385 
4.09496 -0.926412 
3.94348 -0.938982 
3.15712 -0.949495 
3.19327 -0.95283 
3.15252 -0.961445 
3.21249 -0.96022 
3.17515 -0.971782 
3.17697 -0.970013 
3.14624 -0.991253 
3.17481 -0.993107 
3.20846 -1.03143 
3.18157 -1.03359 
3.17544 -1.10801 
3.26489 -1.1116 
3.12577 -1.14767 
3.15013 -1.14599 
2.97669 -1.11525 
3.11691 -1.10308 
2.95397 -1.03721 
3.12783 -1.03063 
3.11312 -0.991777 
3.10087 -0.990883 
3.14111 -0.97029 
3.074 -0.975507 
3.11815 -0.95878 
3.12597 -0.964983 
3.13181 -0.954347 
3.11863 -0.948285 
3.07208 -0.935592 
2.06205 -0.927768 
2.04959 -0.903493 
2.15889 -0.885213 
2.09992 -0.859437 
2.26128 -0.845153 
2.23491 -0.83949 
2.33587 -0.85647 
2.27825 -0.887705 
2.52877 -0.902908 
2.61016 -0.920147 
2.64784 -0.932055 
2.67613 -0.952465 
2.70556 -0.972988 
2.73768 -0.991118 
2.68916 -1.0062 
2.74295 -1.03053 
2.81351 -1.04885 
2.83671 -1.07174 
3.36632 -1.12838 
3.36134 -1.10236 
3.45913 -1.0873 
3.43209 -1.05926 
3.61952 -1.03542 
3.61118 -1.02361 
3.57916 -1.00256 
3.55001 -0.98213 
3.58712 -0.97 
3.65049 -0.944513 
3.87282 -0.933967 
3.75902 -0.905983 
4.04223 -0.890168 
4.23542 -0.86231 
4.1987 -0.861365 
4.01697 -0.886437 
4.12526 -0.902223 
4.38853 -0.925067 
4.05393 -0.939015 
3.15463 -0.953758 
3.25276 -0.953492 
3.21647 -0.96632 
3.20079 -0.964448 
3.16566 -0.978843 
3.31431 -0.974797 
3.16964 -0.990898 
3.21311 -0.99783 
3.18406 -1.02585 
3.30611 -1.03766 
3.1611 -1.09548 
3.33046 -1.11366 
3.04457 -1.15248 
3.18579 -1.15134 
3.07812 -1.11285 
3.11024 -1.0963 
3.09759 -1.03644 
3.12637 -1.02337 
3.11868 -0.995715 
3.12055 -0.991883 
3.11058 -0.976737 
3.10981 -0.978995 
3.13814 -0.962662 
3.12865 -0.964677 
3.11523 -0.955327 
3.05243 -0.95217 
2.25668 -0.936393 
1.98008 -0.925288 
2.17077 -0.901962 
2.19479 -0.884758 
2.21123 -0.8634 
2.10826 -0.861785 
2.20548 -0.886877 
2.54334 -0.908467 
2.52953 -0.935398 
2.73049 -0.948335 
2.62061 -0.969015 
2.65705 -0.987117 
2.55638 -1.00659 
2.77066 -1.0113 
2.65206 -1.0333 
2.82636 -1.06342 
2.80805 -1.08681 
2.85656 -1.10412 
2.77382 -1.12899 
3.32136 -1.17972 
3.26968 -1.15273 
3.43343 -1.12521 
3.44705 -1.10389 
3.35597 -1.07919 
3.49709 -1.05824 
3.5621 -1.04638 
3.55931 -1.02609 
3.66046 -1.01434 
3.61636 -0.99077 
3.66123 -0.973042 
3.57302 -0.948817 
3.70054 -0.937095 
4.01241 -0.901557 
3.9918 -0.882642 
4.01232 -0.888622 
3.99429 -0.899992 
4.10464 -0.926585 
4.16054 -0.935983 
3.17481 -0.95245 
3.17141 -0.960393 
3.14437 -0.971557 
3.17822 -0.971035 
3.22131 -0.978102 
3.19365 -0.973735 
3.17836 -0.996777 
3.22126 -0.994148 
3.20952 -1.02488 
3.20401 -1.03799 
3.1438 -1.10494 
3.19993 -1.11707 
3.0846 -1.15367 
3.16875 -1.14721 
2.99701 -1.11834 
3.12275 -1.10013 
3.08527 -1.03027 
3.11892 -1.02529 
3.1065 -0.991153 
3.05626 -0.989738 
3.10013 -0.978305 
3.13709 -0.977323 
3.11226 -0.967193 
3.09883 -0.972363 
3.1007 -0.96128 
3.12414 -0.955472 
2.05899 -0.939202 
2.0285 -0.926577 
2.10203 -0.900102 
2.16819 -0.883457 
2.20203 -0.885257 
2.24354 -0.898255 
2.67387 -0.938068 
2.55638 -0.95591 
2.6117 -0.979572 
2.67095 -0.985682 
2.74142 -1.00817 
2.71189 -1.01977 
2.69156 -1.04412 
2.75364 -1.05895 
2.77651 -1.08653 
2.858 -1.09924 
2.85589 -1.13072 
3.08455 -1.14927 
2.85503 -1.17969 
3.34398 -1.2096 
3.21244 -1.19169 
3.48444 -1.16027 
3.32663 -1.13687 
3.42039 -1.11599 
3.42845 -1.09836 
3.64282 -1.08158 
3.41081 -1.05537 
3.59388 -1.04099 
3.59287 -1.02471 
3.6734 -1.0033 
3.59402 -0.998378 
3.67964 -0.980963 
3.85787 -0.94685 
3.94137 -0.928453 
4.09419 -0.897217 
4.10014 -0.899262 
4.1685 -0.924478 
4.18067 -0.93878 
3.28099 -0.954622 
3.23104 -0.957897 
3.15569 -0.972453 
3.1507 -0.97202 
3.21657 -0.979725 
3.15104 -0.97862 
3.20132 -0.989428 
3.1902 -0.995662 
3.17376 -1.02285 
3.1472 -1.03461 
3.15947 -1.09946 
3.19876 -1.11441 
3.08877 -1.15387 
3.26354 -1.15831 
3.08531 -1.11599 
3.08903 -1.10003 
3.00622 -1.03305 
3.08143 -1.01551 
3.10698 -0.990907 
3.11734 -0.994777 
3.08371 -0.979535 
3.12136 -0.980463 
3.12597 -0.967503 
3.08762 -0.977097 
3.07764 -0.961393 
3.11101 -0.955692 
2.1121 -0.939097 
2.24613 -0.924635 
2.13856 -0.905003 
2.24134 -0.897257 
2.25073 -0.926343 
2.54468 -0.945073 
2.58783 -0.978618 
2.69818 -0.992508 
2.7325 -1.0173 
2.71237 -1.02081 
2.73585 -1.04287 
2.83499 -1.05321 
2.7301 -1.08507 
2.88005 -1.0981 
2.79108 -1.11896 
2.8836 -1.13961 
2.93623 -1.16357 
3.00037 -1.17769 
3.02688 -1.20782 
3.282 -1.23302 
3.38118 -1.21228 
3.37111 -1.19491 
3.29365 -1.16577 
3.36373 -1.14036 
3.4248 -1.12868 
3.42845 -1.0984 
3.51857 -1.08623 
3.55126 -1.06561 
3.43382 -1.05484 
3.45376 -1.02348 
3.62058 -1.02742 
3.56708 -1.01034 
3.69766 -0.983397 
3.86132 -0.967218 
3.96956 -0.925093 
4.01294 -0.91402 
4.16121 -0.92559 
4.70879 -0.937865 
3.30841 -0.956788 
3.23555 -0.962337 
3.22098 -0.975442 
3.32299 -0.972948 
3.14792 -0.98364 
3.19365 -0.979362 
3.15473 -0.994037 
3.16738 -0.988572 
3.15401 -1.02355 
3.21494 -1.03542 
3.21489 -1.0947 
3.16312 -1.11172 
3.10876 -1.16433 
3.17314 -1.16341 
3.05233 -1.12092 
3.09222 -1.10387 
3.06556 -1.03116 
3.09716 -1.02541 
3.12688 -0.991825 
3.12597 -0.994725 
3.12515 -0.975838 
3.10406 -0.984162 
3.11758 -0.973553 
3.11281 -0.978622 
2.97276 -0.963855 
3.12251 -0.957937 
2.02054 -0.940285 
2.12399 -0.926887 
2.27854 -0.913998 
2.23674 -0.924122 
2.5768 -0.966663 
2.68773 -0.991043 
2.66778 -1.01602 
2.88197 -1.01873 
2.59636 -1.03913 
2.8091 -1.05806 
2.58668 -1.06569 
2.8766 -1.0854 
2.78264 -1.10593 
2.92338 -1.11999 
2.82214 -1.14702 
2.91389 -1.16307 
2.91399 -1.19805 
2.99174 -1.21149 
3.02578 -1.23665 
3.32433 -1.25635 
3.30995 -1.23497 
3.29557 -1.20689 
3.34552 -1.18648 
3.50208 -1.16466 
3.37668 -1.15053 
3.45376 -1.12778 
3.53046 -1.11318 
3.67868 -1.08042 
3.47255 -1.07641 
3.63093 -1.07007 
3.40208 -1.05537 
3.67369 -1.04255 
3.68577 -1.02031 
3.64714 -1.00161 
3.91577 -0.96027 
4.09515 -0.941182 
4.19678 -0.92746 
4.31317 -0.936708 
3.27639 -0.95789 
3.22673 -0.966805 
3.14888 -0.975443 
3.17582 -0.975175 
3.18349 -0.987035 
3.14878 -0.984777 
3.14207 -0.995952 
3.15104 -0.992063 
3.19284 -1.0275 
3.17692 -1.03008 
3.14639 -1.09163 
3.16786 -1.11321 
3.0834 -1.16615 
3.16695 -1.16156 
3.01724 -1.11425 
3.09433 -1.10653 
3.09735 -1.0333 
3.10391 -1.0182 
3.06556 -0.994325 
3.10679 -0.99674 
3.14102 -0.980643 
3.13498 -0.984957 
3.11139 -0.975382 
3.05166 -0.978515 
3.11077 -0.961782 
1.80434 -0.956927 
2.1213 -0.937387 
2.10568 -0.926493 
2.21143 -0.941538 
2.57172 -0.959772 
2.61812 -1.00256 
2.61457 -1.02129 
2.70096 -1.03914 
2.87372 -1.05793 
2.62407 -1.06616 
2.84017 -1.07562 
2.7627 -1.08386 
2.80297 -1.10763 
2.89884 -1.1271 
2.85992 -1.14248 
2.86816 -1.16773 
3.01849 -1.1884 
2.91984 -1.20558 
2.97564 -1.2387 
3.01907 -1.2482 
3.19672 -1.26803 
3.17747 -1.24818 
3.23675 -1.22478 
3.15358 -1.20694 
3.51665 -1.18232 
3.46143 -1.16555 
3.42921 -1.14936 
3.51473 -1.1214 
3.40927 -1.10897 
3.50189 -1.09641 
3.62542 -1.09195 
3.52566 -1.08667 
3.61569 -1.06554 
3.59354 -1.05442 
3.53544 -1.03592 
3.6503 -0.99685 
3.63189 -0.972935 
4.03562 -0.937525 
4.45967 -0.941497 
4.10841 -0.95738 
3.22486 -0.963068 
3.19893 -0.98009 
3.18162 -0.979065 
3.15257 -0.984473 
3.19466 -0.983018 
3.14274 -0.993237 
3.20314 -0.996398 
3.15607 -1.01549 
3.1461 -1.02556 
3.15933 -1.10623 
3.20765 -1.1231 
3.1066 -1.16172 
3.17064 -1.16396 
3.11566 -1.11636 
3.13908 -1.09712 
3.13133 -1.02529 
3.13435 -1.02729 
3.05435 -0.993202 
3.11158 -0.99256 
3.09744 -0.98403 
3.13886 -0.9844 
3.08119 -0.976878 
3.08282 -0.980905 
3.04687 -0.9653 
3.11499 -0.961873 
1.96704 -0.939497 
2.0028 -0.937802 
2.61151 -0.975405 
2.65609 -0.99329 
2.78552 -1.03456 
2.89385 -1.05185 
2.68667 -1.06645 
2.90191 -1.07714 
2.59214 -1.08817 
2.76941 -1.09908 
2.73691 -1.10733 
2.83997 -1.12273 
2.85819 -1.14128 
2.84323 -1.16056 
2.81716 -1.18558 
2.9462 -1.20656 
2.89194 -1.23042 
3.0159 -1.25219 
3.04773 -1.26036 
3.24389 -1.27157 
3.21244 -1.26534 
3.30017 -1.2458 
3.246 -1.2212 
3.47984 -1.19582 
3.23354 -1.17981 
3.44072 -1.15642 
3.39949 -1.14036 
3.43151 -1.13307 
3.52317 -1.11251 
3.56574 -1.10709 
3.41272 -1.09867 
3.54426 -1.08802 
3.36287 -1.07512 
3.61478 -1.06386 
3.33066 -1.02965 
3.77858 -1.0091 
4.08164 -0.956097 
4.05009 -0.948397 
4.00522 -0.95637 
3.22615 -0.967668 
3.18186 -0.979757 
3.14528 -0.979538 
3.1786 -0.990557 
3.19289 -0.986788 
3.17045 -1.00042 
3.1775 -0.991087 
3.20238 -1.02459 
3.17908 -1.03421 
3.27562 -1.09763 
3.23536 -1.11505 
3.05847 -1.16855 
3.18181 -1.16798 
3.09318 -1.11883 
3.11101 -1.09605 
3.11671 -1.02883 
3.13143 -1.0188 
3.09644 -0.988848 
3.11719 -0.99279 
3.11714 -0.984008 
3.1414 -0.989085 
3.11547 -0.979217 
3.13287 -0.979445 
3.10377 -0.966225 
3.13479 -0.958295 
2.28276 -0.95005 
2.12341 -0.956767 
2.80795 -1.00782 
2.86394 -1.03574 
2.70005 -1.06993 
2.77631 -1.06668 
2.65455 -1.09246 
2.86394 -1.10074 
2.64113 -1.10097 
2.86643 -1.11788 
2.75004 -1.13213 
2.91495 -1.13684 
2.82559 -1.16246 
2.9369 -1.17601 
2.93173 -1.19289 
3.03901 -1.21856 
2.95426 -1.24218 
3.00708 -1.26344 
3.06346 -1.2735 
3.2088 -1.2811 
3.1948 -1.27366 
3.31014 -1.25274 
3.31397 -1.23082 
3.39815 -1.21065 
3.33583 -1.19167 
3.42078 -1.17645 
3.50054 -1.15337 
3.51051 -1.13832 
3.3506 -1.14061 
3.49211 -1.12098 
3.52667 -1.1165 
3.50936 -1.09976 
3.44762 -1.10202 
3.34331 -1.0892 
3.5178 -1.05925 
3.3667 -1.03789 
3.40314 -0.985455 
3.86496 -0.96643 
4.00177 -0.962628 
3.30487 -0.964638 
3.14754 -0.983425 
3.17342 -0.982093 
3.17055 -0.990663 
3.17309 -0.987018 
3.14725 -0.998337 
3.18033 -0.989313 
3.18555 -1.02087 
3.16163 -1.02932 
3.15032 -1.09166 
3.23195 -1.10581 
3.13522 -1.17973 
3.24849 -1.1784 
3.12271 -1.11496 
3.13666 -1.08987 
3.09529 -1.02763 
3.13225 -1.02043 
3.07621 -0.992463 
3.13057 -0.99981 
3.04898 -0.987043 
3.13689 -0.994515 
3.09394 -0.98148 
3.0846 -0.983227 
3.02942 -0.965665 
1.62993 -0.959143 
2.1702 -0.962047 
2.7023 -0.984092 
2.80546 -1.03845 
2.93566 -1.05761 
2.76212 -1.09212 
2.88695 -1.09748 
2.75177 -1.09931 
2.84745 -1.11421 
2.67948 -1.11726 
2.81409 -1.13602 
2.77142 -1.1248 
2.74947 -1.1579 
2.83671 -1.16928 
2.84841 -1.18569 
2.90488 -1.21008 
3.03 -1.23071 
3.06331 -1.25287 
3.07113 -1.27276 
2.99577 -1.28161 
3.17577 -1.29282 
3.20396 -1.27875 
3.33267 -1.25559 
3.19442 -1.24577 
3.2854 -1.22216 
3.34341 -1.19705 
3.46143 -1.18673 
3.38415 -1.1617 
3.45299 -1.14477 
3.41061 -1.13409 
3.37322 -1.12152 
3.40007 -1.13197 
3.3506 -1.12193 
3.48635 -1.1183 
3.41944 -1.09711 
3.41637 -1.08669 
3.49968 -1.06859 
3.38645 -1.01962 
3.33718 -0.987718 
4.68353 -0.964462 
3.18934 -0.968812 
3.16518 -0.984492 
3.21254 -0.987353 
3.24686 -0.990678 
3.17208 -0.988982 
3.15243 -0.99998 
3.16313 -0.991222 
3.1601 -1.01593 
3.18565 -1.02756 
3.14912 -1.09206 
3.18138 -1.11407 
3.00238 -1.17315 
3.20861 -1.17791 
3.10502 -1.1161 
3.12328 -1.09555 
3.11499 -1.02614 
3.13977 -1.02516 
3.10909 -0.998253 
3.1193 -0.99596 
3.10856 -0.988145 
3.11149 -0.994378 
3.00143 -0.984312 
2.95531 -0.983672 
2.83882 -0.967332 
2.06819 -0.961273 
2.82943 -0.99008 
2.99874 -1.02222 
2.94697 -1.07135 
2.89155 -1.08795 
2.93719 -1.11284 
2.83748 -1.11686 
2.79568 -1.12692 
2.94055 -1.12755 
2.8371 -1.13605 
2.79741 -1.14467 
2.78954 -1.14776 
2.92473 -1.1563 
2.83576 -1.18354 
2.88062 -1.19987 
2.86337 -1.22633 
2.9474 -1.23816 
2.9504 -1.26346 
3.01638 -1.28218 
3.03067 -1.29628 
3.33061 -1.2936 
3.1762 -1.28854 
3.28166 -1.26666 
3.28641 -1.25116 
3.33046 -1.23498 
3.28742 -1.20841 
3.33871 -1.19262 
3.35424 -1.17532 
3.42154 -1.16105 
3.35788 -1.14956 
3.46622 -1.13793 
3.5132 -1.13875 
3.41694 -1.13935 
3.35098 -1.13197 
3.45299 -1.12459 
3.26863 -1.10988 
3.34523 -1.09136 
3.21494 -1.04688 
3.2773 -1.01615 
3.68501 -0.970448 
3.22433 -0.969657 
3.17553 -0.981188 
3.2332 -0.981462 
3.17649 -0.996505 
3.16518 -0.992082 
3.1484 -1.00283 
3.23866 -0.995553 
3.17663 -1.02192 
3.16278 -1.02298 
3.20094 -1.09043 
3.15228 -1.10672 
3.05732 -1.17449 
3.17601 -1.17801 
3.10008 -1.11121 
3.13759 -1.09616 
3.04562 -1.02188 
3.12889 -1.01457 
3.10339 -0.993012 
3.09509 -0.999475 
3.08656 -0.989653 
3.13934 -0.992295 
3.07688 -0.985515 
3.05157 -0.983568 
2.76193 -0.96884 
2.45609 -0.971217 
2.77852 -1.0169 
3.04016 -1.04455 
2.90689 -1.08945 
2.8371 -1.11058 
2.86624 -1.12381 
2.75119 -1.1362 
2.77766 -1.13704 
2.91178 -1.15191 
2.85857 -1.13269 
2.92741 -1.15156 
2.85416 -1.15826 
2.94208 -1.17343 
2.85848 -1.1952 
3.00871 -1.20681 
3.03047 -1.22552 
3.08527 -1.25472 
3.05981 -1.27476 
3.0544 -1.28302 
3.09754 -1.29794 
3.19538 -1.29164 
3.19269 -1.29345 
3.22131 -1.2767 
3.2715 -1.26437 
3.25702 -1.23666 
3.31206 -1.22229 
3.34791 -1.1909 
3.42327 -1.18248 
3.37725 -1.162 
3.35041 -1.15875 
3.52701 -1.13688 
3.26374 -1.14024 
3.4806 -1.13355 
3.35386 -1.14335 
3.42749 -1.13474 
3.34465 -1.11797 
3.40601 -1.1081 
3.14897 -1.07322 
3.16187 -1.04888 
3.20079 -0.98272 
3.2018 -0.97441 
3.17467 -0.984315 
3.2471 -0.983262 
3.15176 -0.99267 
3.20425 -0.989777 
3.14504 -1.00371 
3.18018 -0.99192 
3.1518 -1.01365 
3.15708 -1.02484 
3.17079 -1.09389 
3.18536 -1.11184 
3.14327 -1.18551 
3.2134 -1.18452 
3.13536 -1.10605 
3.10355 -1.093 
3.1391 -1.01718 
3.07779 -1.01786 
3.09126 -0.994233 
3.12923 -0.999468 
3.05209 -0.997515 
3.03163 -0.992745 
3.09279 -0.985578 
3.07496 -0.982588 
3.08608 -0.972785 
2.84093 -0.98443 
3.11877 -1.04675 
3.01494 -1.07138 
2.78763 -1.11202 
2.86356 -1.12588 
2.75752 -1.13658 
2.84477 -1.14484 
2.68955 -1.13723 
2.87665 -1.1419 
2.80891 -1.15179 
2.90881 -1.15509 
2.92914 -1.16901 
2.86778 -1.17128 
2.9253 -1.20145 
3.01149 -1.21655 
2.99299 -1.23565 
2.97276 -1.25816 
3.02654 -1.28117 
3.09907 -1.28941 
2.98014 -1.29723 
3.21618 -1.30052 
3.14385 -1.29523 
3.30017 -1.28505 
3.14859 -1.27235 
3.39566 -1.24414 
3.31397 -1.22969 
3.40927 -1.21055 
3.26259 -1.18534 
3.41886 -1.17546 
3.35347 -1.16932 
3.46219 -1.15786 
3.42193 -1.15534 
3.48214 -1.14847 
3.47025 -1.14916 
3.51435 -1.14872 
3.37725 -1.14104 
3.30822 -1.13145 
3.17103 -1.09541 
3.18176 -1.06756 
3.14409 -1.00596 
3.19265 -0.98152 
3.15463 -0.985885 
3.14476 -0.98828 
3.15425 -0.997678 
3.17587 -0.99168 
3.16451 -1.00136 
3.19274 -0.99211 
3.19423 -1.02083 
3.27447 -1.02333 
3.14188 -1.08586 
3.21666 -1.11179 
3.15954 -1.1828 
3.17819 -1.18434 
3.06964 -1.10631 
3.09912 -1.08457 
3.13637 -1.02599 
3.13076 -1.01912 
3.13349 -0.994772 
3.12314 -1.00216 
3.11249 -0.993067 
3.11297 -0.998418 
3.07637 -0.98648 
3.07515 -0.982952 
3.08309 -0.984965 
3.03776 -1.00722 
2.98225 -1.07439 
3.0021 -1.09775 
2.85129 -1.12494 
2.8325 -1.14559 
2.80373 -1.1539 
2.8325 -1.15285 
2.92262 -1.14279 
2.75273 -1.15841 
2.75311 -1.15817 
2.85474 -1.16417 
2.84649 -1.17047 
2.84908 -1.19308 
2.91174 -1.207 
2.937 -1.22238 
3.11671 -1.24542 
3.1031 -1.26777 
3.00555 -1.2867 
3.09835 -1.29699 
3.09159 -1.3045 
3.30189 -1.30039 
3.21681 -1.29683 
3.19653 -1.29043 
3.15545 -1.28007 
3.25367 -1.24862 
3.26939 -1.23613 
3.27567 -1.21539 
3.42576 -1.18758 
3.42787 -1.17327 
3.27313 -1.17651 
3.44379 -1.15595 
3.4064 -1.16215 
3.53314 -1.15359 
3.49671 -1.16425 
3.33507 -1.15783 
3.30697 -1.15484 
3.40735 -1.13918 
3.26978 -1.11723 
3.17793 -1.09346 
3.17055 -1.03158 
3.20218 -1.00098 
3.31532 -0.987853 
3.18023 -0.987922 
3.19653 -0.997113 
3.17649 -0.992903 
3.14476 -1.00108 
3.19097 -0.996092 
3.2158 -1.01651 
3.16527 -1.02096 
3.15571 -1.08812 
3.14293 -1.10712 
3.09145 -1.18749 
3.22098 -1.18592 
3.12822 -1.09943 
3.09399 -1.09542 
3.05885 -1.02124 
3.09078 -1.0128 
3.1018 -0.99623 
3.11662 -1.00158 
3.07177 -0.992722 
3.12103 -0.998597 
3.01303 -0.987695 
3.01571 -0.987153 
3.00603 -1.0002 
3.12558 -1.03042 
3.06111 -1.09525 
3.01523 -1.11904 
2.92885 -1.1465 
2.99232 -1.15089 
2.86893 -1.15672 
2.90651 -1.16465 
2.85397 -1.15724 
2.85129 -1.16759 
2.91533 -1.15992 
2.88829 -1.17317 
2.87104 -1.18644 
2.97094 -1.19734 
2.88714 -1.20949 
3.05473 -1.23761 
2.99054 -1.25137 
3.00095 -1.28029 
2.96193 -1.29077 
3.09322 -1.29864 
2.98704 -1.3037 
3.21474 -1.29581 
3.23373 -1.30356 
3.29887 -1.28372 
3.18869 -1.27689 
3.26527 -1.25606 
3.30803 -1.23851 
3.39997 -1.21701 
3.4004 -1.19986 
3.52748 -1.1826 
3.25367 -1.17194 
3.53276 -1.1635 
3.46641 -1.16509 
3.51876 -1.15796 
3.4783 -1.167 
3.53237 -1.16142 
3.21417 -1.16964 
3.39086 -1.15182 
3.20266 -1.13664 
3.20017 -1.11159 
3.15358 -1.05702 
3.18661 -1.01862 
3.22644 -0.990015 
3.14802 -0.991498 
3.15588 -1.00474 
3.21321 -0.992678 
3.18426 -1.00053 
3.18694 -0.992923 
3.18128 -1.02089 
3.17424 -1.01805 
3.15008 -1.08556 
3.17798 -1.11328 
3.12443 -1.18791 
3.17663 -1.18589 
3.06326 -1.11191 
3.13881 -1.08661 
3.04764 -1.01892 
3.13205 -1.01643 
3.12923 -0.99821 
3.10765 -1.00187 
3.02793 -0.994517 
3.10526 -0.999243 
3.06269 -0.989155 
3.06882 -0.989283 
3.08282 -1.02051 
3.12961 -1.05647 
3.02185 -1.11903 
3.03364 -1.14046 
2.89711 -1.15253 
2.97238 -1.1657 
2.90574 -1.16401 
2.88868 -1.16721 
2.78418 -1.16532 
2.92549 -1.16789 
2.81332 -1.16186 
2.82636 -1.1758 
2.93949 -1.1865 
2.94687 -1.20102 
2.87085 -1.21935 
3.09284 -1.23416 
3.10355 -1.26161 
3.1275 -1.27988 
3.05885 -1.29252 
3.06149 -1.30561 
3.10487 -1.30073 
3.23756 -1.30735 
3.21532 -1.30643 
3.23449 -1.29315 
3.19039 -1.28446 
3.28694 -1.26561 
3.31934 -1.25094 
3.36057 -1.22569 
3.43382 -1.2078 
3.51948 -1.19408 
3.33238 -1.18612 
3.49863 -1.16745 
3.47255 -1.17441 
3.37418 -1.16412 
3.37898 -1.17442 
3.4273 -1.17375 
3.30132 -1.17372 
3.36421 -1.1613 
3.19614 -1.14524 
3.17004 -1.13068 
3.19173 -1.0789 
3.17793 -1.04324 
3.14246 -0.993405 
3.16968 -0.98838 
3.14452 -0.99595 
3.20842 -0.996892 
3.14629 -1.00303 
3.15089 -0.995663 
3.19816 -1.01545 
3.15835 -1.02232 
3.1752 -1.08599 
3.16024 -1.10134 
3.06576 -1.19308 
3.20017 -1.18504 
3.05253 -1.10914 
3.07784 -1.0787 
3.10214 -1.02009 
3.12371 -1.01515 
3.10698 -0.997222 
3.09629 -1.00178 
3.07975 -0.991468 
3.01974 -1.00175 
3.09198 -0.990228 
3.08934 -0.991467 
3.05962 -1.04418 
3.10104 -1.08198 
3.01341 -1.13223 
3.13503 -1.15508 
2.86279 -1.17026 
3.04481 -1.17245 
2.84592 -1.16153 
2.86471 -1.175 
2.90919 -1.16144 
2.75886 -1.17241 
2.91686 -1.17641 
2.93585 -1.17698 
2.88753 -1.18799 
2.88254 -1.2116 
2.94428 -1.23152 
3.00689 -1.25439 
3.06767 -1.26945 
3.1211 -1.28538 
3.06609 -1.2876 
3.08392 -1.30223 
2.96154 -1.30839 
3.20425 -1.30595 
3.16441 -1.31193 
3.17817 -1.28853 
3.19241 -1.29325 
3.25022 -1.27056 
3.30592 -1.25252 
3.32903 -1.22702 
3.33698 -1.22236 
3.44609 -1.19457 
3.36901 -1.19069 
3.47217 -1.17601 
3.40352 -1.17382 
3.36325 -1.16699 
3.52988 -1.17878 
3.45529 -1.17342 
3.33037 -1.18458 
3.30554 -1.17035 
3.15511 -1.16621 
3.15813 -1.145 
3.22222 -1.10145 
3.22524 -1.06563 
3.16652 -0.998177 
3.16173 -0.993985 
3.21043 -1.00124 
3.19078 -1.00204 
3.20683 -1.00885 
3.19883 -0.999033 
3.16705 -1.01767 
3.15051 -1.0116 
3.14385 -1.08647 
3.17639 -1.10696 
3.12136 -1.18419 
3.23028 -1.18963 
3.09016 -1.1071 
3.12553 -1.08488 
3.11614 -1.01916 
3.12496 -1.01936 
3.11916 -0.997638 
3.13632 -1.00976 
3.05993 -0.996513 
3.07995 -1.00199 
3.10449 -0.99194 
3.1228 -1.00039 
3.09049 -1.06383 
3.10928 -1.10015 
3.0821 -1.14525 
3.10526 -1.16379 
2.76529 -1.17311 
2.85244 -1.1777 
2.89117 -1.17803 
2.93259 -1.17356 
2.77277 -1.16942 
2.8695 -1.17641 
2.93604 -1.17655 
2.93163 -1.1943 
2.93757 -1.19813 
2.94486 -1.21687 
2.96806 -1.23229 
3.08263 -1.25428 
3.0589 -1.27497 
3.13186 -1.28921 
3.10598 -1.29678 
3.0881 -1.30852 
3.13934 -1.29855 
3.20439 -1.30993 
3.14643 -1.30479 
3.30765 -1.30119 
3.19418 -1.30099 
3.24935 -1.2774 
3.2064 -1.25868 
3.2668 -1.23542 
3.24581 -1.21852 
3.41733 -1.20308 
3.25098 -1.18913 
3.51809 -1.18031 
3.35098 -1.18268 
3.38511 -1.16899 
3.27141 -1.1735 
3.45472 -1.17768 
3.27524 -1.17886 
3.38013 -1.18108 
3.14706 -1.17664 
3.19121 -1.15826 
3.16149 -1.12167 
3.15032 -1.0865 
3.1821 -1.01084 
3.18033 -0.998285 
3.18076 -1.00194 
3.16911 -0.999627 
3.203 -1.00994 
3.15497 -0.996415 
3.15324 -1.01525 
3.18368 -1.02258 
3.16489 -1.08358 
3.27083 -1.09914 
3.04783 -1.19998 
3.27227 -1.20055 
3.07036 -1.11011 
3.11134 -1.07773 
3.09759 -1.02331 
3.11854 -1.01912 
3.10837 -1.00145 
3.08119 -1.00829 
3.11734 -0.996957 
3.1299 -0.999525 
3.07419 -0.99478 
3.10919 -1.0086 
3.13718 -1.08538 
3.10667 -1.12051 
2.99673 -1.15433 
2.95349 -1.17589 
2.77382 -1.17638 
2.9996 -1.18513 
2.89884 -1.17547 
2.92588 -1.18052 
2.84956 -1.18096 
2.8325 -1.17662 
2.92837 -1.17578 
2.95828 -1.20238 
2.74909 -1.20084 
3.03517 -1.2204 
3.03191 -1.2418 
3.01768 -1.25535 
3.01331 -1.27495 
3.02434 -1.29234 
3.12304 -1.29443 
3.10947 -1.30853 
3.04586 -1.30325 
3.23795 -1.30964 
3.29221 -1.3078 
3.33267 -1.30125 
3.21187 -1.29539 
3.18862 -1.28133 
3.19576 -1.25693 
3.43046 -1.23801 
3.29211 -1.22362 
3.36987 -1.20739 
3.47523 -1.19975 
3.50016 -1.18459 
3.33521 -1.18075 
3.35501 -1.17895 
3.3924 -1.18035 
3.36747 -1.16833 
3.36268 -1.19384 
3.39393 -1.1868 
3.21637 -1.1823 
3.2484 -1.16929 
3.18459 -1.13859 
3.17294 -1.10787 
3.15013 -1.02299 
3.18613 -1.00197 
3.18732 -1.00003 
3.1612 -0.997158 
3.16431 -1.00507 
3.16985 -0.99743 
3.15751 -1.01824 
3.14768 -1.02044 
3.17352 -1.0858 
3.17553 -1.10778 
3.06115 -1.19439 
3.24216 -1.20048 
3.1276 -1.10707 
3.14145 -1.07765 
3.08718 -1.01481 
3.12108 -1.01636 
3.10832 -0.998012 
3.13517 -1.00423 
3.10847 -0.99657 
3.13709 -1.00258 
3.07343 -1.00087 
3.06331 -1.02315 
3.13594 -1.11085 
3.11158 -1.13904 
3.04639 -1.17565 
3.0635 -1.18278 
2.97353 -1.18193 
2.85646 -1.19388 
2.91226 -1.17966 
2.77114 -1.18418 
2.79606 -1.17351 
2.94975 -1.18467 
2.89596 -1.1789 
2.93431 -1.19757 
2.82636 -1.20025 
3.03076 -1.22654 
2.96135 -1.23952 
3.01792 -1.26829 
3.09524 -1.28168 
3.12635 -1.29828 
3.02213 -1.30114 
3.13953 -1.31192 
3.0937 -1.30181 
3.15123 -1.3086 
3.14816 -1.30906 
3.18541 -1.30149 
3.218 -1.29996 
3.26287 -1.28231 
3.20276 -1.27152 
3.2808 -1.25006 
3.22318 -1.23252 
3.39604 -1.22 
3.37342 -1.20165 
3.50457 -1.18996 
3.28866 -1.18671 
3.39508 -1.17407 
3.38319 -1.19044 
3.34274 -1.18062 
3.27649 -1.19385 
3.37361 -1.19057 
3.1425 -1.19362 
3.2925 -1.17672 
3.14595 -1.15374 
3.22491 -1.12385 
3.14255 -1.0411 
3.17793 -1.00841 
3.14816 -1.00095 
3.18464 -1.00017 
3.17256 -1.00978 
3.17874 -1.00549 
3.16623 -1.01363 
3.1496 -1.01648 
3.16408 -1.07438 
3.15152 -1.09901 
2.97401 -1.20538 
3.32088 -1.1979 
3.08354 -1.10413 
3.12623 -1.07375 
3.12117 -1.01182 
3.0972 -1.0113 
3.05224 -0.999147 
3.1171 -1.00358 
3.1043 -0.99958 
3.10995 -1.00742 
3.13014 -1.00635 
3.09797 -1.04316 
3.12218 -1.12698 
3.11048 -1.15787 
3.05003 -1.18212 
3.0647 -1.19619 
2.81447 -1.18614 
3.12194 -1.19227 
2.89194 -1.18196 
2.91533 -1.18568 
2.85608 -1.17173 
2.7951 -1.1877 
2.92262 -1.1919 
2.93987 -1.20342 
2.79741 -1.20223 
2.95186 -1.22794 
3.01197 -1.24055 
3.06154 -1.27071 
3.02204 -1.28509 
3.12079 -1.29931 
3.06652 -1.30338 
3.09989 -1.31231 
2.96451 -1.30945 
3.17999 -1.30896 
3.17793 -1.31076 
3.21808 -1.30267 
3.14591 -1.30293 
3.19768 -1.29479 
3.21973 -1.26559 
3.25899 -1.24033 
3.30999 -1.2307 
3.42135 -1.21566 
3.41455 -1.20315 
3.51435 -1.19159 
3.39873 -1.18973 
3.43918 -1.18314 
3.33775 -1.19106 
3.41368 -1.18873 
3.44264 -1.19573 
3.30592 -1.19522 
3.20842 -1.19825 
3.15981 -1.18962 
3.20305 -1.17013 
3.14548 -1.14393 
3.15823 -1.06524 
3.22452 -1.02156 
3.18368 -1.00214 
3.15501 -1.00431 
3.21901 -1.01014 
3.16978 -0.998582 
3.14792 -1.01135 
3.18057 -1.01972 
3.15569 -1.07772 
3.17807 -1.10215 
3.12275 -1.19809 
3.23684 -1.19501 
3.11957 -1.10471 
3.12889 -1.07584 
3.13704 -1.01579 
3.11518 -1.01236 
3.04562 -0.998545 
3.13574 -1.01251 
3.13584 -1.00154 
3.04581 -1.00849 
3.12884 -1.02017 
3.10051 -1.06447 
3.10085 -1.13881 
3.07659 -1.17136 
3.05588 -1.19237 
3.07122 -1.19883 
2.95924 -1.19899 
2.98431 -1.19646 
2.84975 -1.18593 
2.9417 -1.19131 
2.86087 -1.18076 
2.96471 -1.19162 
2.79108 -1.18927 
2.99874 -1.20372 
2.95608 -1.22268 
2.97803 -1.23494 
2.99145 -1.25858 
3.09222 -1.26888 
2.9462 -1.28671 
3.09255 -1.3016 
3.06839 -1.30134 
3.11441 -1.31362 
3.02127 -1.31217 
3.1578 -1.31026 
3.22989 -1.31449 
3.20151 -1.30104 
3.23555 -1.30035 
3.332 -1.29277 
3.23612 -1.27803 
3.30961 -1.25838 
3.25372 -1.24475 
3.42615 -1.21893 
3.32629 -1.20747 
3.39662 -1.18935 
3.37783 -1.19436 
3.40064 -1.1788 
3.43425 -1.19545 
3.30717 -1.18965 
3.24701 -1.19508 
3.3086 -1.19779 
3.2832 -1.2059 
3.30304 -1.19543 
3.19001 -1.1852 
3.19265 -1.15625 
3.14404 -1.08644 
3.14552 -1.03641 
3.16892 -1.00566 
3.18924 -1.00027 
3.15621 -1.00918 
3.18291 -1.00042 
3.20151 -1.01643 
3.21705 -1.01352 
3.20353 -1.07383 
3.16292 -1.09688 
3.11714 -1.19855 
3.10641 -1.20422 
3.11063 -1.10438 
3.13126 -1.06994 
3.11599 -1.01589 
3.11307 -1.01288 
3.09883 -1.00352 
3.11 -1.01022 
3.05952 -1.00198 
3.14015 -1.00659 
3.14044 -1.03742 
3.13248 -1.08456 
3.12189 -1.15731 
3.0507 -1.18242 
3.09759 -1.19163 
3.10732 -1.20891 
2.80373 -1.19228 
3.03095 -1.19817 
2.9438 -1.18766 
3.02443 -1.19344 
2.81236 -1.17708 
2.86902 -1.19378 
2.87947 -1.19248 
2.8718 -1.20925 
2.89769 -1.22734 
2.96077 -1.24172 
3.03498 -1.25309 
2.98685 -1.27415 
2.97564 -1.29526 
3.1403 -1.30024 
3.09464 -1.30003 
3.09567 -1.31341 
3.05205 -1.30883 
