3.99719 -0.679439 
3.9396 -0.680535 
3.93365 -0.677787 
3.99264 -0.674951 
3.92825 -0.675299 
4.03192 -0.674935 
4.08566 -0.673337 
3.95491 -0.680425 
3.99818 -0.677108 
4.0268 -0.701424 
3.95278 -0.708653 
3.93265 -0.726454 
3.92054 -0.7349 
3.14425 -0.749687 
3.27136 -0.753151 
3.18058 -0.764008 
3.16501 -0.758808 
3.14429 -0.774824 
3.16276 -0.769656 
3.18209 -0.787147 
3.19377 -0.789826 
3.18633 -0.814263 
3.27572 -0.813797 
3.25342 -0.85359 
3.40594 -0.866437 
3.267 -0.906535 
3.37701 -0.91914 
3.33042 -0.964469 
3.33974 -0.986978 
3.33185 -1.05375 
3.27244 -1.06604 
3.16832 -1.11751 
3.17455 -1.11927 
3.02132 -1.06688 
2.99174 -1.05388 
2.92185 -0.983704 
3.04121 -0.973072 
2.85862 -0.91707 
2.97185 -0.904028 
2.85272 -0.864497 
3.07297 -0.850236 
2.96696 -0.822486 
3.13313 -0.820383 
3.04131 -0.791099 
3.10509 -0.788625 
3.09704 -0.773731 
3.1037 -0.772728 
3.13257 -0.761156 
3.11396 -0.76046 
3.10726 -0.7497 
3.1367 -0.748557 
2.39598 -0.737373 
2.32901 -0.728671 
2.35325 -0.703347 
2.26861 -0.695333 
2.16493 -0.678713 
2.34375 -0.675514 
2.33146 -0.673648 
2.30962 -0.676212 
2.17755 -0.676406 
2.33424 -0.683608 
2.29138 -0.678831 
2.29608 -0.678015 
2.18453 -0.684782 
3.92984 -0.634858 
4.03408 -0.635406 
3.94353 -0.624169 
3.9373 -0.638813 
3.94525 -0.629595 
3.98943 -0.643351 
3.94446 -0.642093 
4.06754 -0.656054 
3.98899 -0.660694 
4.02224 -0.687566 
4.01227 -0.694877 
4.02425 -0.719109 
3.94171 -0.730578 
3.25031 -0.749771 
3.27922 -0.758437 
3.17142 -0.772232 
3.15926 -0.768254 
3.14262 -0.783408 
3.20657 -0.783723 
3.15096 -0.798798 
3.22131 -0.79703 
3.1427 -0.824736 
3.28603 -0.836676 
3.19366 -0.854463 
3.32375 -0.86675 
3.30611 -0.900734 
3.38657 -0.922952 
3.26807 -0.969199 
3.38624 -0.985951 
3.24788 -1.04857 
3.28933 -1.05371 
3.10418 -1.10483 
3.08101 -1.10347 
2.98963 -1.05896 
3.02774 -1.04731 
2.88206 -0.983709 
2.95636 -0.965847 
2.90495 -0.918768 
3.01595 -0.906489 
2.98268 -0.864536 
3.01355 -0.858619 
3.00675 -0.832529 
3.12469 -0.825117 
3.09632 -0.797523 
3.13991 -0.799392 
3.0449 -0.780293 
3.13275 -0.78251 
3.14152 -0.767317 
3.13997 -0.77089 
3.04713 -0.757088 
2.49559 -0.75185 
2.35183 -0.733467 
2.3358 -0.721965 
2.25708 -0.69396 
2.3316 -0.684451 
2.18837 -0.662759 
2.26718 -0.656149 
2.23798 -0.645423 
2.19599 -0.645616 
2.26214 -0.634939 
2.24467 -0.633754 
2.31233 -0.630536 
2.16109 -0.638075 
2.35131 -0.634381 
4.04039 -0.584095 
3.95853 -0.584474 
4.05637 -0.577039 
4.06323 -0.595754 
4.00776 -0.59444 
4.04784 -0.613727 
3.93986 -0.616503 
4.06342 -0.638911 
3.94372 -0.642139 
4.01148 -0.673906 
4.08605 -0.684161 
4.03494 -0.713404 
4.03916 -0.723509 
3.94892 -0.749901 
3.26819 -0.759689 
3.17011 -0.777216 
3.15682 -0.773974 
3.16376 -0.792225 
3.22158 -0.789283 
3.16333 -0.808075 
3.18088 -0.805113 
3.14423 -0.83069 
3.17939 -0.830114 
3.1756 -0.864544 
3.32442 -0.877223 
3.28957 -0.9093 
3.43056 -0.923243 
3.29068 -0.969091 
3.41177 -0.982375 
3.31273 -1.03846 
3.28459 -1.05053 
3.20631 -1.09942 
3.20138 -1.08342 
3.03642 -1.05589 
2.95296 -1.04206 
2.92779 -0.983551 
2.99649 -0.971849 
2.89855 -0.922694 
3.00694 -0.906555 
2.98865 -0.872203 
3.05923 -0.863469 
3.02846 -0.833884 
3.10721 -0.824944 
3.05734 -0.806968 
3.11976 -0.803084 
3.08227 -0.786816 
3.1122 -0.791387 
3.13725 -0.776887 
3.12306 -0.775337 
3.0991 -0.75971 
2.37122 -0.749547 
2.22763 -0.726689 
2.25428 -0.712303 
2.25701 -0.683005 
2.30713 -0.6728 
2.21406 -0.648202 
2.27499 -0.6349 
2.25066 -0.613042 
2.33594 -0.60721 
2.10261 -0.596914 
2.3098 -0.592864 
2.28453 -0.577363 
2.35557 -0.588144 
2.29105 -0.586241 
4.03016 -0.534314 
4.00026 -0.536979 
4.03885 -0.534295 
4.06011 -0.546346 
4.09525 -0.557572 
4.12281 -0.581035 
4.05836 -0.590569 
4.01239 -0.620688 
4.11071 -0.628942 
4.09736 -0.658698 
4.2759 -0.674074 
3.97862 -0.705649 
4.02912 -0.716692 
3.99794 -0.750923 
4.01241 -0.760913 
3.14612 -0.779261 
3.15238 -0.782919 
3.18802 -0.796534 
3.16904 -0.794717 
3.16237 -0.812817 
3.16979 -0.8128 
3.17631 -0.831688 
3.20192 -0.8411 
3.21301 -0.86445 
3.25233 -0.87965 
3.20579 -0.908198 
3.26987 -0.927302 
3.26992 -0.977649 
3.26863 -0.982463 
3.20022 -1.03509 
3.30345 -1.04631 
3.16821 -1.08604 
3.05871 -1.08354 
3.02276 -1.04951 
3.02259 -1.03634 
2.93848 -0.989872 
3.01705 -0.964089 
2.98901 -0.926745 
2.9973 -0.913585 
3.00282 -0.870918 
3.1142 -0.861929 
3.09708 -0.83569 
3.13731 -0.832241 
3.08589 -0.814478 
3.12332 -0.814749 
3.1284 -0.796499 
3.12944 -0.799724 
3.12273 -0.784084 
3.12429 -0.777969 
2.40116 -0.764957 
2.10826 -0.751082 
2.16157 -0.718594 
2.35226 -0.702897 
2.24244 -0.671357 
2.29086 -0.659098 
2.24239 -0.630145 
2.27547 -0.619963 
2.21761 -0.593574 
2.22125 -0.579718 
2.17864 -0.550933 
2.29452 -0.548997 
2.2608 -0.538155 
2.25615 -0.538663 
2.23736 -0.529622 
3.97012 -0.486025 
3.9988 -0.491647 
4.11009 -0.488477 
4.08468 -0.51011 
4.21984 -0.515723 
4.03058 -0.554883 
4.02076 -0.565303 
4.10433 -0.602976 
4.15994 -0.612946 
4.06018 -0.647391 
4.0349 -0.656465 
4.03063 -0.692099 
4.30186 -0.70968 
3.99079 -0.743777 
4.043 -0.758218 
3.15711 -0.779601 
3.19665 -0.786722 
3.14545 -0.805934 
3.21878 -0.80089 
3.16629 -0.818941 
3.16443 -0.818471 
3.14653 -0.83765 
3.20767 -0.841884 
3.16547 -0.872178 
3.30587 -0.875059 
3.32231 -0.915646 
3.25343 -0.927174 
3.27301 -0.965804 
3.36833 -0.985348 
3.2045 -1.03824 
3.22225 -1.04042 
3.12514 -1.08577 
3.18802 -1.08018 
2.97918 -1.04196 
3.057 -1.03702 
2.95847 -0.985923 
2.95569 -0.968021 
2.99773 -0.930447 
3.09062 -0.908765 
3.03692 -0.875836 
3.09804 -0.865888 
3.04904 -0.834921 
3.11444 -0.838884 
3.0653 -0.817153 
3.13504 -0.822809 
3.10015 -0.800455 
3.11767 -0.799525 
3.077 -0.786838 
3.13956 -0.779428 
2.19383 -0.759294 
2.20826 -0.743008 
2.31334 -0.707096 
2.23455 -0.692188 
2.17681 -0.659555 
2.1841 -0.647851 
2.23669 -0.613119 
2.27887 -0.597286 
2.11095 -0.567707 
2.26329 -0.551425 
2.20749 -0.521495 
2.21787 -0.502813 
2.20121 -0.49299 
2.34443 -0.487621 
2.26936 -0.486309 
4.13278 -0.446265 
4.15884 -0.449529 
4.09156 -0.450569 
3.92874 -0.484199 
4.30959 -0.497387 
4.08892 -0.52841 
4.17799 -0.547965 
4.07207 -0.581611 
4.14069 -0.600276 
4.09355 -0.63365 
4.05508 -0.647967 
3.94367 -0.68365 
4.21006 -0.69882 
4.2125 -0.737049 
4.00374 -0.751788 
3.77484 -0.7802 
3.23296 -0.79127 
3.17364 -0.806129 
3.17045 -0.807667 
3.14646 -0.823643 
3.20782 -0.819843 
3.16495 -0.838852 
3.25229 -0.843484 
3.19861 -0.870021 
3.27941 -0.878789 
3.21347 -0.91494 
3.30875 -0.917256 
3.23411 -0.974394 
3.27908 -0.980377 
3.22762 -1.04295 
3.21601 -1.04329 
3.08975 -1.07706 
3.20245 -1.0733 
3.00739 -1.0467 
3.08996 -1.03044 
3.02269 -0.982175 
3.0241 -0.967827 
3.02002 -0.925309 
3.06209 -0.909606 
2.97858 -0.878731 
3.05081 -0.870812 
3.09224 -0.842781 
3.14045 -0.839554 
3.1152 -0.822458 
3.1353 -0.820918 
3.13675 -0.803832 
3.1154 -0.805436 
3.07925 -0.788218 
2.43383 -0.778296 
2.07169 -0.752125 
2.25893 -0.735816 
2.12557 -0.69891 
2.2353 -0.680359 
2.09364 -0.649264 
2.24678 -0.630905 
2.03358 -0.601231 
2.25327 -0.584549 
2.09432 -0.54669 
2.18609 -0.525754 
2.1383 -0.486062 
2.12316 -0.47198 
2.06378 -0.45642 
2.10891 -0.44665 
2.13731 -0.44639 
4.16902 -0.419811 
4.06632 -0.424045 
4.1382 -0.422191 
4.16121 -0.450209 
4.10227 -0.474523 
4.19187 -0.507362 
4.26514 -0.522488 
4.0789 -0.56531 
4.15026 -0.582013 
3.95676 -0.618385 
4.17058 -0.633984 
4.23558 -0.670404 
4.17593 -0.687856 
4.00793 -0.726389 
4.15886 -0.745616 
4.07325 -0.781705 
3.1455 -0.790695 
3.18289 -0.809005 
3.20114 -0.810924 
3.1939 -0.825374 
3.16301 -0.824111 
3.14349 -0.843902 
3.15868 -0.848597 
3.1553 -0.870007 
3.271 -0.882542 
3.20537 -0.916991 
3.30937 -0.925551 
3.23447 -0.973527 
3.27124 -0.97682 
3.28564 -1.03864 
3.22831 -1.03806 
3.11381 -1.06462 
3.25194 -1.07364 
3.06598 -1.04409 
3.07428 -1.03845 
3.02218 -0.982648 
3.05309 -0.971604 
2.95541 -0.923859 
3.08617 -0.911024 
3.0194 -0.88157 
3.13845 -0.873653 
3.05849 -0.849744 
3.12105 -0.842784 
3.12019 -0.824532 
3.13582 -0.823057 
3.11285 -0.812563 
3.11081 -0.807649 
3.0745 -0.790861 
2.31852 -0.779055 
2.1481 -0.74618 
2.03181 -0.726829 
2.05038 -0.689288 
2.17015 -0.672182 
2.12653 -0.632846 
2.23846 -0.618948 
1.9779 -0.580986 
2.1331 -0.563635 
2.11301 -0.524148 
2.16901 -0.502798 
2.00014 -0.46942 
2.1457 -0.453389 
2.11457 -0.439655 
2.17859 -0.41032 
1.9659 -0.419363 
4.32997 -0.393592 
4.27724 -0.39993 
4.26667 -0.40178 
4.12945 -0.437325 
4.27235 -0.454483 
4.17684 -0.490066 
4.16298 -0.52614 
4.0963 -0.551621 
4.03497 -0.565663 
4.21116 -0.60511 
4.1875 -0.619584 
4.13801 -0.659699 
4.30195 -0.678446 
4.09017 -0.720738 
4.1336 -0.738842 
4.11394 -0.774657 
4.05129 -0.790156 
3.15704 -0.807553 
3.20384 -0.813819 
3.15362 -0.829069 
3.15466 -0.826937 
3.16864 -0.846544 
3.15173 -0.847049 
3.1443 -0.87329 
3.29331 -0.873145 
3.19371 -0.916715 
3.24542 -0.933866 
3.20881 -0.970999 
3.25041 -0.979713 
3.15537 -1.03861 
3.30405 -1.03763 
3.10538 -1.06913 
3.14918 -1.06505 
3.08377 -1.04743 
3.0942 -1.03025 
2.9904 -0.986414 
3.07077 -0.971602 
3.02448 -0.918702 
3.08709 -0.918451 
2.97722 -0.88259 
3.12335 -0.871047 
3.09888 -0.848574 
3.09521 -0.845096 
3.04462 -0.828948 
3.11173 -0.829512 
3.13107 -0.812353 
3.10502 -0.810557 
2.82444 -0.790148 
2.13501 -0.774693 
2.14661 -0.738289 
2.33903 -0.719577 
2.03799 -0.680463 
2.17293 -0.660491 
2.05939 -0.621814 
2.16787 -0.604559 
2.1719 -0.567917 
2.18844 -0.550989 
2.06465 -0.512168 
2.11987 -0.48551 
1.93938 -0.44876 
2.0481 -0.43171 
1.90012 -0.416799 
2.12845 -0.389749 
1.93356 -0.395072 
4.37254 -0.386787 
4.43529 -0.396114 
4.33966 -0.406563 
4.39445 -0.427738 
4.44602 -0.439147 
4.25967 -0.480253 
4.12662 -0.505661 
4.3183 -0.541977 
4.12386 -0.558914 
4.11663 -0.596061 
4.24956 -0.612549 
4.17824 -0.653501 
4.29414 -0.671342 
3.99911 -0.711969 
4.21126 -0.73174 
4.198 -0.770521 
4.46956 -0.789 
3.16924 -0.810772 
3.1746 -0.812384 
3.15976 -0.831986 
3.16875 -0.832182 
3.17527 -0.850459 
3.14655 -0.846652 
3.20959 -0.877429 
3.21671 -0.882806 
3.23068 -0.917869 
3.21578 -0.928182 
3.23688 -0.971268 
3.30225 -0.983019 
3.18619 -1.03323 
3.28051 -1.04302 
3.06914 -1.0636 
3.20885 -1.06482 
3.13404 -1.04959 
3.11036 -1.03361 
2.99294 -0.980271 
3.0505 -0.968956 
3.03369 -0.924722 
3.10182 -0.918078 
3.05327 -0.883418 
3.06616 -0.879969 
3.12641 -0.850339 
3.12668 -0.849909 
3.04672 -0.833058 
3.11824 -0.830823 
3.11794 -0.813199 
3.1165 -0.81051 
2.05994 -0.7907 
2.01956 -0.770856 
2.15949 -0.730752 
2.14431 -0.711496 
1.99081 -0.670748 
2.12154 -0.653984 
2.13142 -0.614852 
2.08923 -0.59409 
2.12359 -0.563898 
2.01076 -0.540216 
1.97601 -0.501409 
2.06486 -0.480323 
1.86345 -0.45046 
2.12008 -0.419903 
1.79514 -0.407873 
1.95976 -0.400426 
1.94895 -0.388355 
4.33589 -0.424879 
4.68413 -0.429747 
4.40427 -0.44294 
4.70575 -0.459069 
4.43347 -0.474396 
4.28359 -0.504882 
4.29273 -0.516653 
4.14031 -0.549208 
4.20474 -0.566419 
4.21782 -0.597104 
4.26082 -0.618203 
4.11227 -0.649326 
4.1602 -0.667961 
4.28963 -0.70712 
4.19942 -0.726485 
4.06053 -0.767119 
4.12058 -0.786748 
3.14317 -0.812438 
3.20296 -0.816472 
3.14923 -0.835397 
3.18494 -0.834087 
3.16602 -0.852937 
3.20878 -0.853527 
3.17834 -0.87633 
3.22292 -0.883379 
3.1618 -0.915671 
3.26786 -0.92713 
3.23914 -0.966362 
3.24406 -0.977103 
3.17232 -1.03611 
3.20994 -1.03846 
3.11146 -1.07211 
3.22992 -1.07604 
3.1271 -1.04177 
3.09761 -1.03476 
3.03489 -0.975796 
3.09838 -0.967386 
3.09153 -0.925023 
3.08922 -0.913702 
3.04984 -0.880662 
3.12997 -0.875584 
3.13253 -0.853214 
3.12417 -0.850903 
3.10494 -0.83547 
3.09478 -0.831113 
3.11003 -0.817206 
3.10002 -0.810095 
2.00961 -0.786967 
2.0959 -0.766206 
2.0296 -0.725882 
1.98466 -0.706101 
2.05489 -0.666601 
2.03224 -0.649183 
2.0598 -0.612395 
2.23628 -0.596076 
2.10376 -0.563841 
2.10711 -0.546477 
2.13962 -0.519532 
2.12217 -0.504465 
1.8553 -0.47894 
2.04404 -0.455643 
1.80171 -0.443253 
1.79989 -0.432353 
1.94724 -0.432567 
4.58126 -0.530114 
4.10623 -0.534741 
4.61927 -0.543227 
4.24424 -0.556843 
4.07037 -0.558579 
4.13259 -0.566373 
4.1661 -0.5675 
3.95535 -0.580124 
4.2445 -0.593672 
4.08794 -0.612418 
4.24467 -0.623318 
4.17794 -0.65187 
4.25785 -0.669516 
4.19546 -0.706988 
4.26964 -0.725201 
4.31178 -0.763054 
4.4367 -0.783771 
3.15446 -0.811325 
3.15717 -0.821176 
3.14382 -0.835387 
3.1514 -0.833783 
3.14772 -0.85477 
3.14796 -0.854851 
3.15952 -0.876857 
3.2355 -0.882627 
3.15102 -0.913342 
3.32675 -0.922963 
3.19467 -0.964119 
3.27879 -0.980862 
3.17817 -1.03224 
3.19436 -1.04324 
3.06868 -1.07112 
3.21211 -1.07093 
3.08783 -1.04226 
3.0987 -1.04074 
3.03872 -0.980379 
3.09092 -0.965849 
3.03074 -0.9305 
3.12009 -0.914835 
3.08268 -0.8849 
3.08287 -0.881467 
3.09443 -0.856009 
3.12414 -0.854918 
3.11005 -0.837224 
3.06606 -0.838042 
3.13208 -0.818163 
3.12372 -0.813595 
1.82793 -0.783583 
1.98986 -0.763579 
1.91259 -0.727383 
2.05259 -0.705601 
2.01857 -0.670665 
2.0674 -0.653186 
2.11162 -0.625464 
2.23621 -0.609841 
2.13672 -0.588001 
2.30965 -0.580572 
2.09977 -0.565404 
2.25778 -0.565729 
2.09168 -0.556928 
2.06249 -0.556184 
2.13796 -0.543316 
1.57723 -0.539029 
1.63745 -0.535411 
4.30152 -0.674096 
4.08183 -0.677382 
3.99179 -0.679348 
4.09429 -0.671876 
4.01217 -0.668024 
4.0552 -0.655738 
3.99166 -0.637773 
3.95946 -0.633395 
3.95288 -0.636238 
4.04674 -0.645678 
4.0715 -0.648866 
4.12068 -0.670624 
4.31461 -0.682718 
4.06735 -0.712969 
4.49348 -0.730288 
4.25991 -0.765427 
4.37961 -0.781813 
3.15204 -0.811556 
3.14377 -0.820122 
3.14919 -0.836235 
3.16061 -0.837828 
3.14617 -0.853729 
3.17487 -0.857199 
3.15049 -0.880684 
3.22716 -0.878748 
3.16947 -0.912373 
3.18717 -0.925231 
3.18144 -0.965875 
3.27615 -0.977389 
3.15913 -1.03712 
3.22058 -1.03813 
3.12087 -1.0715 
3.22348 -1.07838 
3.10624 -1.04078 
3.13451 -1.03069 
2.99898 -0.977288 
3.13745 -0.961302 
3.01571 -0.924032 
3.1341 -0.914711 
3.07395 -0.882038 
3.0706 -0.875743 
3.11125 -0.856416 
3.11127 -0.854923 
3.13263 -0.837714 
3.12534 -0.839527 
3.08469 -0.822494 
2.09614 -0.811925 
2.12945 -0.783422 
2.24047 -0.762733 
2.07097 -0.729023 
2.19148 -0.713034 
2.08657 -0.682729 
2.34991 -0.671566 
2.07672 -0.647693 
2.18262 -0.643369 
2.23472 -0.636562 
2.30555 -0.637077 
2.3168 -0.644958 
2.34506 -0.647845 
2.30687 -0.664046 
2.26593 -0.676146 
2.30912 -0.67678 
2.20863 -0.676998 
2.1993 -0.673097 
3.62844 -0.77988 
3.5702 -0.778121 
3.67771 -0.771427 
3.6921 -0.760812 
3.66334 -0.755224 
3.76535 -0.730337 
3.98015 -0.721628 
3.93782 -0.701042 
4.02231 -0.68084 
3.96409 -0.680333 
4.04946 -0.676862 
3.95686 -0.694778 
4.03015 -0.700845 
3.9466 -0.726636 
4.27851 -0.739622 
4.12406 -0.768398 
4.04396 -0.786604 
4.40118 -0.815428 
3.15122 -0.822589 
3.18335 -0.839095 
3.1791 -0.840576 
3.18568 -0.855993 
3.18864 -0.857517 
3.14544 -0.879895 
3.20476 -0.884419 
3.23406 -0.918237 
3.22227 -0.921612 
3.17835 -0.961631 
3.25904 -0.97908 
3.14363 -1.03011 
3.16723 -1.04238 
3.07134 -1.07058 
3.2097 -1.07779 
3.06827 -1.04546 
3.12115 -1.03548 
3.07603 -0.976599 
3.05744 -0.965958 
3.04842 -0.923503 
3.10977 -0.91727 
3.04565 -0.886135 
3.11266 -0.880246 
3.10562 -0.857803 
3.09902 -0.855483 
3.10006 -0.842653 
3.10437 -0.839064 
3.05895 -0.82184 
1.99945 -0.817258 
2.25562 -0.786606 
2.1356 -0.768303 
2.08262 -0.738082 
2.21579 -0.726284 
2.27694 -0.700742 
2.354 -0.694982 
2.30514 -0.679282 
2.23007 -0.678537 
2.1632 -0.686804 
2.30696 -0.702473 
2.16171 -0.722561 
2.59952 -0.737814 
2.55513 -0.74956 
2.60635 -0.762758 
2.58514 -0.774086 
2.63745 -0.774436 
2.56539 -0.785388 
3.58918 -0.864649 
3.57192 -0.853695 
3.54414 -0.838393 
3.53909 -0.821092 
3.57825 -0.808891 
3.65917 -0.787338 
3.70878 -0.778863 
3.65229 -0.763018 
3.81295 -0.740506 
4.01658 -0.718084 
4.03782 -0.706241 
3.96838 -0.713879 
3.94698 -0.718242 
4.1046 -0.73502 
4.17929 -0.746176 
4.25593 -0.773496 
4.30368 -0.788957 
4.33709 -0.817491 
3.33281 -0.822708 
3.16325 -0.83869 
3.19897 -0.842375 
3.19003 -0.860275 
3.17033 -0.86166 
3.19115 -0.882675 
3.22697 -0.882574 
3.15672 -0.91714 
3.15035 -0.918289 
3.15191 -0.961964 
3.20782 -0.97275 
3.15293 -1.03231 
3.23535 -1.04746 
3.05411 -1.07368 
3.20269 -1.07188 
3.06322 -1.04465 
3.10581 -1.03131 
3.05969 -0.977971 
3.13912 -0.961936 
3.09217 -0.922433 
3.0841 -0.915699 
3.09449 -0.882322 
3.0844 -0.882243 
3.09775 -0.858716 
3.09447 -0.856283 
3.14029 -0.841879 
3.13787 -0.839175 
3.12839 -0.823917 
2.21727 -0.816361 
2.12909 -0.787744 
2.26013 -0.773069 
2.17806 -0.74724 
2.2934 -0.738128 
2.30831 -0.719903 
2.19853 -0.713018 
2.28038 -0.707099 
2.35126 -0.722731 
2.35078 -0.748931 
2.51865 -0.756651 
2.60436 -0.781187 
2.66529 -0.789285 
2.69559 -0.810641 
2.65264 -0.825297 
2.72914 -0.838937 
2.70479 -0.849931 
2.74384 -0.857833 
3.51483 -0.927625 
3.3911 -0.904239 
3.56861 -0.897174 
3.41387 -0.878393 
3.54867 -0.863088 
3.55922 -0.834388 
3.68093 -0.830428 
3.66425 -0.807113 
3.6613 -0.79595 
3.76707 -0.7576 
3.95609 -0.750992 
4.02958 -0.733082 
4.0202 -0.728282 
3.97756 -0.745966 
4.10129 -0.754591 
4.08892 -0.776052 
4.13307 -0.789464 
4.12257 -0.816172 
3.1878 -0.825622 
3.17443 -0.842096 
3.19837 -0.844991 
3.1849 -0.860681 
3.17414 -0.859902 
3.15268 -0.880844 
3.18469 -0.882776 
3.1803 -0.909173 
3.18106 -0.923534 
3.19564 -0.963428 
3.15807 -0.973668 
3.21543 -1.03043 
3.2048 -1.04427 
3.09443 -1.08239 
3.22637 -1.07447 
3.06154 -1.04152 
3.1386 -1.03655 
3.1408 -0.972889 
3.13602 -0.961452 
3.0621 -0.922629 
3.13538 -0.913416 
3.13385 -0.882745 
3.07798 -0.883237 
3.08066 -0.859657 
3.12191 -0.861416 
3.12728 -0.845175 
3.12448 -0.840215 
3.12894 -0.82546 
2.12945 -0.816409 
2.21176 -0.790817 
2.34795 -0.776118 
2.13698 -0.755574 
2.23729 -0.743553 
2.32724 -0.732639 
2.34198 -0.733845 
2.34236 -0.748906 
2.49099 -0.76281 
2.56407 -0.794907 
2.5704 -0.806323 
2.64739 -0.827078 
2.70654 -0.84514 
2.62848 -0.865601 
2.70515 -0.879578 
2.65362 -0.899957 
2.90354 -0.906488 
2.79223 -0.923259 
3.35165 -0.974639 
3.34815 -0.95237 
3.42269 -0.943412 
3.53372 -0.918867 
3.56799 -0.908414 
3.58107 -0.881808 
3.55634 -0.858421 
3.59891 -0.845494 
3.66353 -0.83023 
3.6752 -0.805559 
3.84991 -0.7906 
4.01515 -0.762458 
3.96107 -0.749641 
4.18796 -0.75465 
4.18997 -0.76067 
4.13926 -0.780558 
4.23614 -0.79213 
4.5645 -0.817376 
4.35349 -0.826964 
3.1448 -0.84397 
3.184 -0.844993 
3.18948 -0.861688 
3.19811 -0.86271 
3.1573 -0.884583 
3.18199 -0.886449 
3.16267 -0.912586 
3.18837 -0.914146 
3.14673 -0.960338 
3.1864 -0.971711 
3.16295 -1.03319 
3.23769 -1.04419 
3.09023 -1.08492 
3.17124 -1.07734 
3.10768 -1.04696 
3.1001 -1.03425 
3.06843 -0.97368 
3.13534 -0.959319 
3.08019 -0.918994 
3.13413 -0.91262 
3.05324 -0.884379 
3.13512 -0.883812 
3.1302 -0.862759 
3.08819 -0.861015 
3.13241 -0.846411 
3.11492 -0.841116 
3.07592 -0.826152 
2.03957 -0.817122 
2.10107 -0.792938 
2.18276 -0.778283 
2.32235 -0.759422 
2.35054 -0.753233 
2.27662 -0.749484 
2.31991 -0.757446 
2.5396 -0.792162 
2.56448 -0.79966 
2.63749 -0.836181 
2.73904 -0.85211 
2.70973 -0.860463 
2.74662 -0.882473 
2.71932 -0.898738 
2.83863 -0.915948 
2.81217 -0.942944 
2.89702 -0.95196 
2.85536 -0.966114 
3.37471 -1.0153 
3.36901 -0.989434 
3.39705 -0.980653 
3.39393 -0.953655 
3.54592 -0.942426 
3.45874 -0.918024 
3.57693 -0.908876 
3.59757 -0.87735 
3.62949 -0.866057 
3.65423 -0.841635 
3.65377 -0.831715 
3.80336 -0.795666 
3.93835 -0.777048 
3.94971 -0.763515 
4.0499 -0.765724 
4.09678 -0.783897 
4.28834 -0.795688 
4.27782 -0.816844 
4.03343 -0.827452 
3.19756 -0.843029 
3.20282 -0.845469 
3.19918 -0.863928 
3.16284 -0.861939 
3.16167 -0.881571 
3.23554 -0.883027 
3.15389 -0.909731 
3.25782 -0.921287 
3.16001 -0.958291 
3.23471 -0.968974 
3.17867 -1.03372 
3.15667 -1.05152 
3.08099 -1.07836 
3.21 -1.07861 
3.11744 -1.04342 
3.1411 -1.0341 
3.10637 -0.962449 
3.10087 -0.954265 
3.07147 -0.917345 
3.10816 -0.913785 
3.12487 -0.881288 
3.10479 -0.878698 
3.09181 -0.863733 
3.13385 -0.860815 
3.11758 -0.849235 
3.08711 -0.841629 
1.93104 -0.82905 
2.19968 -0.81874 
2.0006 -0.794149 
2.22319 -0.784177 
2.18329 -0.766366 
2.306 -0.765071 
2.27091 -0.776735 
2.57814 -0.797034 
2.55933 -0.828196 
2.73085 -0.84094 
2.66548 -0.869435 
2.71074 -0.880145 
2.72483 -0.903816 
2.93781 -0.915075 
2.65894 -0.944668 
2.92017 -0.955864 
2.86164 -0.98168 
2.89654 -0.992535 
2.91811 -1.01755 
3.39537 -1.04765 
3.38063 -1.03181 
3.37102 -1.01011 
3.39125 -0.983396 
3.53177 -0.973921 
3.42792 -0.947877 
3.56545 -0.936863 
3.47557 -0.905231 
3.58026 -0.889148 
3.66347 -0.869807 
3.64305 -0.85713 
3.5481 -0.824893 
3.80969 -0.814128 
4.0105 -0.778796 
4.04055 -0.776614 
4.22185 -0.788509 
4.4222 -0.798835 
4.18235 -0.816672 
4.3281 -0.828342 
3.15724 -0.843414 
3.15421 -0.848463 
3.14459 -0.862841 
3.19662 -0.862943 
3.18003 -0.882738 
3.18311 -0.88462 
3.14186 -0.911088 
3.17992 -0.915552 
3.15189 -0.956756 
3.16229 -0.968579 
3.16195 -1.03045 
3.19574 -1.04926 
3.13141 -1.08452 
3.2216 -1.08853 
3.08812 -1.04794 
3.1254 -1.02802 
3.10214 -0.967797 
3.09876 -0.956735 
3.07741 -0.916812 
3.11583 -0.908432 
3.14085 -0.884877 
3.09914 -0.883656 
3.11324 -0.865326 
3.10703 -0.862332 
3.05293 -0.848892 
3.0904 -0.845041 
1.89542 -0.830078 
1.66361 -0.818712 
2.06637 -0.798853 
2.27461 -0.788628 
2.29541 -0.774663 
2.29793 -0.778866 
2.51173 -0.812751 
2.63562 -0.823599 
2.58624 -0.862207 
2.66893 -0.873852 
2.64746 -0.89862 
2.8325 -0.916829 
2.72756 -0.93523 
2.86902 -0.947344 
2.78667 -0.977258 
2.90081 -0.987293 
2.87756 -1.01201 
2.96193 -1.02858 
2.90197 -1.04777 
3.37821 -1.07788 
3.31364 -1.05546 
3.43545 -1.03914 
3.36042 -1.00991 
3.48405 -1.00017 
3.40525 -0.971173 
3.55651 -0.961702 
3.46871 -0.932694 
3.5637 -0.924809 
3.5085 -0.898951 
3.65699 -0.882192 
3.65588 -0.854637 
3.67101 -0.84857 
4.11351 -0.80737 
3.99355 -0.794436 
3.99626 -0.794354 
4.19836 -0.803707 
4.07502 -0.820439 
4.32607 -0.830225 
3.18883 -0.844442 
3.17429 -0.8484 
3.19413 -0.865458 
3.14555 -0.864354 
3.15974 -0.884225 
3.19486 -0.88233 
3.15615 -0.908006 
3.17548 -0.913043 
3.14607 -0.953488 
3.20834 -0.967659 
3.17685 -1.03068 
3.16724 -1.04415 
3.11372 -1.08883 
3.14637 -1.09869 
3.12944 -1.04285 
3.12653 -1.03187 
3.09497 -0.967752 
3.09428 -0.955584 
3.14068 -0.913657 
3.12304 -0.911023 
3.06874 -0.887088 
3.12745 -0.884194 
3.07283 -0.866339 
3.13917 -0.863575 
3.1014 -0.849004 
3.08826 -0.846494 
1.83344 -0.832594 
2.02399 -0.821557 
2.1098 -0.803843 
2.31044 -0.793441 
2.30152 -0.794227 
2.3467 -0.808242 
2.59449 -0.8436 
2.67315 -0.858778 
2.66685 -0.886733 
2.66874 -0.901824 
2.73878 -0.927362 
2.87804 -0.939911 
2.69834 -0.963704 
2.78178 -0.971749 
2.92223 -1.00102 
2.93609 -1.01546 
2.93705 -1.03574 
2.96363 -1.05726 
3.02213 -1.07577 
3.37514 -1.10497 
3.27813 -1.0787 
3.35254 -1.06067 
3.34142 -1.03694 
3.40496 -1.02197 
3.37572 -0.99603 
3.38758 -0.980821 
3.42957 -0.964526 
3.54862 -0.945284 
3.48367 -0.92909 
3.62233 -0.909324 
3.58702 -0.89028 
3.62556 -0.876638 
3.7269 -0.835633 
3.78975 -0.815726 
4.14858 -0.801619 
4.08753 -0.806627 
4.17492 -0.824632 
3.94176 -0.833691 
3.22578 -0.8473 
3.16312 -0.851743 
3.1459 -0.864766 
3.18481 -0.867249 
3.15805 -0.883974 
3.18216 -0.887603 
3.16318 -0.911 
3.16808 -0.914524 
3.19139 -0.958543 
3.16906 -0.96924 
3.15235 -1.02823 
3.15288 -1.03791 
3.15988 -1.10142 
3.18132 -1.08716 
3.10081 -1.03872 
3.09833 -1.0296 
3.13652 -0.960224 
3.12442 -0.957102 
3.04442 -0.912151 
3.12934 -0.909243 
3.14035 -0.88658 
3.11144 -0.88155 
3.05418 -0.866512 
3.13102 -0.863739 
3.11844 -0.849755 
3.13359 -0.844867 
2.15927 -0.835136 
1.91043 -0.822013 
2.30442 -0.805749 
2.31928 -0.800694 
2.26694 -0.818742 
2.69554 -0.832182 
2.66331 -0.868094 
2.63888 -0.890647 
2.72515 -0.903105 
2.65602 -0.926137 
2.70369 -0.946438 
2.93029 -0.957735 
2.844 -0.988329 
2.9138 -0.997724 
2.84151 -1.02329 
2.93738 -1.03702 
2.88091 -1.0565 
2.97674 -1.07804 
2.99892 -1.10194 
3.32164 -1.12538 
3.24233 -1.09735 
3.36837 -1.07861 
3.36757 -1.05885 
3.36325 -1.03716 
3.3389 -1.01451 
3.49115 -1.00321 
3.39822 -0.980439 
3.54699 -0.971348 
3.4643 -0.951021 
3.54232 -0.937998 
3.61195 -0.918972 
3.58968 -0.89991 
3.71453 -0.865308 
3.70768 -0.845954 
4.05508 -0.812928 
3.93274 -0.814447 
4.34217 -0.827543 
4.28345 -0.835445 
3.18174 -0.847833 
3.153 -0.852727 
3.1672 -0.865965 
3.19888 -0.867517 
3.23191 -0.88417 
3.14697 -0.884048 
3.1502 -0.911816 
3.22215 -0.912814 
3.14193 -0.952628 
3.21507 -0.965381 
3.1849 -1.02536 
3.17915 -1.04225 
3.07395 -1.08987 
3.14882 -1.09633 
3.10969 -1.04584 
3.14038 -1.03148 
3.14071 -0.967246 
3.12897 -0.954539 
3.04622 -0.914676 
3.12378 -0.909264 
3.1329 -0.884382 
3.13492 -0.882098 
3.13491 -0.866551 
3.13417 -0.864955 
3.14111 -0.851118 
3.05382 -0.846659 
1.98641 -0.836401 
1.87186 -0.825607 
2.05343 -0.81317 
2.18698 -0.813348 
2.6059 -0.846903 
2.64869 -0.864579 
2.59588 -0.893528 
2.76471 -0.914449 
2.72212 -0.949986 
2.83863 -0.951226 
2.71678 -0.971253 
2.87463 -0.980421 
2.75122 -1.00891 
2.87415 -1.01283 
2.88206 -1.04333 
2.85953 -1.05527 
2.9045 -1.07703 
3.02633 -1.10053 
3.03007 -1.12231 
3.33646 -1.13848 
3.33727 -1.11752 
3.36028 -1.09557 
3.30618 -1.07189 
3.39489 -1.05712 
3.35879 -1.03223 
3.46737 -1.01999 
3.36711 -1.00124 
3.46009 -0.985803 
3.5259 -0.970697 
3.51679 -0.958089 
3.46761 -0.939288 
3.62451 -0.922019 
3.63388 -0.890356 
3.63805 -0.87469 
3.88833 -0.831822 
4.2731 -0.822243 
4.17617 -0.83063 
4.61232 -0.838467 
3.19437 -0.850772 
3.19309 -0.854501 
3.14411 -0.867299 
3.22534 -0.868803 
3.14368 -0.883586 
3.19109 -0.882317 
3.14657 -0.90864 
3.15691 -0.910558 
3.16509 -0.949295 
3.17143 -0.960767 
3.14444 -1.03339 
3.21658 -1.04352 
3.12206 -1.08918 
3.18994 -1.09861 
3.13453 -1.04218 
3.12458 -1.0233 
3.0543 -0.963725 
3.13663 -0.954473 
3.10311 -0.904938 
3.11345 -0.907948 
3.13461 -0.885761 
3.14048 -0.883509 
3.08249 -0.868574 
3.0746 -0.865902 
3.12863 -0.856281 
3.04772 -0.848257 
2.09398 -0.837793 
2.30768 -0.829902 
2.24311 -0.823443 
2.38776 -0.831948 
2.67708 -0.871779 
2.67406 -0.89087 
2.70508 -0.923298 
2.87353 -0.941005 
2.73524 -0.961462 
2.84017 -0.971435 
2.85781 -0.989555 
2.78796 -0.993737 
2.93455 -1.01692 
2.8852 -1.03136 
2.86442 -1.05022 
3.03987 -1.07876 
2.85843 -1.10062 
3.01938 -1.11854 
3.01561 -1.14097 
3.3088 -1.15335 
3.26788 -1.13225 
3.40836 -1.10949 
3.28321 -1.089 
3.47741 -1.07233 
3.33636 -1.04647 
3.46814 -1.02478 
3.37896 -1.01886 
3.43688 -0.999979 
3.46215 -0.984674 
3.57307 -0.9699 
3.35587 -0.957014 
3.59548 -0.950047 
3.58319 -0.917524 
3.68172 -0.89519 
3.66492 -0.850944 
3.99362 -0.837501 
4.22823 -0.832318 
4.34421 -0.840837 
3.19389 -0.849989 
3.17182 -0.855515 
3.14742 -0.866397 
3.1531 -0.870899 
3.14392 -0.885033 
3.18565 -0.88414 
3.17995 -0.905878 
3.21839 -0.911911 
3.22547 -0.9472 
3.18711 -0.959652 
3.16973 -1.03065 
3.19315 -1.04474 
3.08063 -1.09201 
3.16137 -1.09431 
3.09052 -1.03771 
3.11298 -1.02851 
3.09978 -0.956891 
3.12344 -0.951833 
3.05644 -0.909745 
3.09966 -0.90582 
3.05471 -0.886041 
3.10483 -0.883425 
3.12961 -0.870646 
3.07887 -0.868713 
3.07053 -0.855582 
3.05466 -0.853004 
2.20054 -0.840589 
2.05822 -0.834479 
2.29577 -0.837644 
2.6104 -0.853024 
2.69635 -0.898257 
2.86989 -0.917555 
2.67325 -0.947677 
2.76083 -0.961059 
2.7378 -0.978984 
2.8068 -0.988714 
2.84937 -1.00629 
2.87967 -1.01282 
2.85095 -1.04312 
2.93278 -1.04437 
2.87789 -1.07363 
2.92281 -1.08738 
2.88307 -1.11045 
2.95636 -1.13593 
3.00051 -1.15066 
3.3216 -1.16179 
3.2443 -1.1463 
3.30439 -1.12519 
3.24435 -1.10101 
3.4435 -1.08108 
3.39566 -1.06243 
3.47101 -1.04443 
3.37982 -1.02913 
3.49297 -1.02016 
3.50999 -0.999781 
3.52245 -0.993507 
3.40093 -0.98111 
3.45644 -0.970972 
3.38684 -0.942993 
3.57027 -0.922 
3.55117 -0.877813 
3.76441 -0.853366 
4.00441 -0.837829 
4.18082 -0.842529 
3.1566 -0.854246 
3.17069 -0.857266 
3.14667 -0.868245 
3.16544 -0.872141 
3.16609 -0.885544 
3.17378 -0.882472 
3.15258 -0.903176 
3.16751 -0.908 
3.14896 -0.953258 
3.16553 -0.960067 
3.15288 -1.02632 
3.22333 -1.05176 
3.14127 -1.09736 
3.15849 -1.10069 
3.09248 -1.04575 
3.13705 -1.02633 
3.09774 -0.96033 
3.14107 -0.948399 
3.13764 -0.908117 
3.10552 -0.902502 
3.13006 -0.883618 
3.09907 -0.884824 
3.09342 -0.871431 
3.12073 -0.868743 
2.99308 -0.858302 
3.08627 -0.854481 
2.31128 -0.84432 
2.119 -0.837094 
2.45341 -0.856395 
2.66822 -0.877778 
2.90416 -0.918684 
2.76529 -0.938429 
2.74189 -0.969301 
2.88019 -0.982302 
2.78513 -0.99807 
2.86691 -1.00737 
2.80949 -1.01753 
2.85464 -1.01944 
2.85023 -1.03589 
2.91495 -1.06025 
2.86919 -1.087 
3.00766 -1.10304 
2.91039 -1.12031 
2.99284 -1.14666 
2.99999 -1.16255 
3.30199 -1.16926 
3.20875 -1.15883 
3.25865 -1.13381 
3.32891 -1.11222 
3.39523 -1.09105 
3.3622 -1.07812 
3.36771 -1.05358 
3.4272 -1.02897 
3.35635 -1.02612 
3.35696 -1.0163 
3.38329 -1.00486 
3.42471 -0.994911 
3.63201 -0.983725 
3.49455 -0.958941 
3.48003 -0.94133 
3.46172 -0.902565 
3.68275 -0.878592 
3.86347 -0.844615 
4.30953 -0.845966 
3.19485 -0.855969 
3.24751 -0.860153 
3.21115 -0.870419 
3.22129 -0.872265 
3.19111 -0.886669 
3.19544 -0.886638 
3.16542 -0.904908 
3.14531 -0.9068 
3.15558 -0.944497 
3.16749 -0.956072 
3.16076 -1.02584 
3.19038 -1.04174 
3.11161 -1.09239 
3.12642 -1.11233 
3.10729 -1.04404 
3.13817 -1.0246 
3.08812 -0.960877 
3.10447 -0.946361 
3.13419 -0.908411 
3.14133 -0.902959 
3.09047 -0.885348 
3.1392 -0.884462 
3.13338 -0.871146 
3.11391 -0.868784 
3.07561 -0.859076 
3.08081 -0.85661 
2.11948 -0.846724 
2.32547 -0.84435 
2.65729 -0.877816 
2.89855 -0.903256 
2.78456 -0.947878 
2.75934 -0.959767 
2.77152 -0.982616 
2.92453 -0.991278 
2.81102 -1.00976 
2.86212 -1.01482 
2.87746 -1.0277 
2.84994 -1.04005 
2.90862 -1.05878 
2.89292 -1.07257 
2.87089 -1.09472 
2.97635 -1.10929 
2.90728 -1.13374 
3.08431 -1.15733 
3.02578 -1.17333 
3.25216 -1.17857 
3.27802 -1.16823 
3.27639 -1.14746 
3.2709 -1.1227 
3.41217 -1.10055 
3.3388 -1.08145 
3.41651 -1.067 
3.34293 -1.04759 
3.42586 -1.03676 
3.39508 -1.02071 
3.40582 -1.01797 
3.42279 -1.00385 
3.5224 -0.993662 
3.48482 -0.975703 
3.39609 -0.956497 
3.49863 -0.92354 
3.39201 -0.905201 
3.65919 -0.854601 
3.8198 -0.851813 
3.15217 -0.857615 
3.18102 -0.861721 
3.17285 -0.871173 
3.23073 -0.871729 
3.15383 -0.884446 
3.17383 -0.886149 
3.15992 -0.905709 
3.18567 -0.906857 
3.1533 -0.946356 
3.18946 -0.958579 
3.15317 -1.02837 
3.14526 -1.04757 
3.09678 -1.11023 
3.16109 -1.09601 
3.10546 -1.04637 
3.10582 -1.03289 
3.14114 -0.958423 
3.10421 -0.944982 
3.1335 -0.905726 
3.1383 -0.904341 
3.07568 -0.883585 
3.12043 -0.884073 
3.11374 -0.874285 
3.0683 -0.871723 
3.06765 -0.862488 
3.07957 -0.857939 
2.67996 -0.852585 
2.71505 -0.85567 
2.92875 -0.901327 
2.91092 -0.92587 
2.8323 -0.962346 
2.85095 -0.978426 
2.76989 -0.984736 
2.93786 -1.0093 
2.87104 -1.01957 
2.87573 -1.0285 
2.89433 -1.04408 
2.86102 -1.04363 
2.89294 -1.06969 
2.94404 -1.08269 
2.93292 -1.1 
2.9967 -1.12189 
2.95555 -1.1421 
2.96643 -1.16687 
2.98618 -1.17982 
3.25952 -1.17901 
3.25199 -1.17773 
3.24588 -1.15121 
3.31819 -1.12631 
3.43334 -1.11001 
3.42531 -1.09461 
3.35043 -1.07585 
3.36066 -1.05819 
3.42773 -1.04761 
3.36437 -1.02984 
3.41205 -1.03 
3.41886 -1.02243 
3.40323 -1.01327 
3.41512 -0.993438 
3.34878 -0.981867 
3.49105 -0.949278 
3.3761 -0.926283 
3.57763 -0.872108 
3.70955 -0.859556 
3.17541 -0.860374 
3.16906 -0.863221 
3.16031 -0.873923 
3.20427 -0.874443 
3.14672 -0.886336 
3.16405 -0.882345 
3.14593 -0.905572 
3.22256 -0.908058 
3.15944 -0.944896 
3.16083 -0.96011 
3.14679 -1.02275 
3.16087 -1.04152 
3.13241 -1.10877 
3.15001 -1.10831 
3.09571 -1.04922 
3.14036 -1.02524 
3.13864 -0.956479 
3.12719 -0.944633 
3.04634 -0.905721 
3.09612 -0.904544 
3.11596 -0.884542 
3.12278 -0.886681 
3.1084 -0.87183 
3.01641 -0.873203 
3.02141 -0.864026 
3.04102 -0.861205 
2.61184 -0.85873 
2.80397 -0.869798 
2.93288 -0.925291 
2.95692 -0.947363 
2.80565 -0.980784 
2.79817 -0.993562 
2.88484 -1.01364 
2.93038 -1.017 
2.78825 -1.02611 
2.92338 -1.0368 
2.85109 -1.04883 
2.92231 -1.0591 
2.91389 -1.07984 
2.9835 -1.0866 
2.92741 -1.11201 
3.01307 -1.13458 
3.02165 -1.15417 
3.04608 -1.17746 
3.00651 -1.18446 
3.28138 -1.19034 
3.23144 -1.18701 
3.3239 -1.16519 
3.28339 -1.13901 
3.36608 -1.11585 
3.29058 -1.09763 
3.40146 -1.07742 
3.42826 -1.06598 
3.50107 -1.05456 
3.37497 -1.0483 
3.4365 -1.03716 
3.40635 -1.02729 
3.47523 -1.02496 
3.34935 -1.0129 
3.40342 -0.999031 
3.33799 -0.968146 
3.35486 -0.947806 
3.29777 -0.890338 
3.31212 -0.869681 
3.17594 -0.863905 
3.25273 -0.866732 
3.16046 -0.874808 
3.15849 -0.874848 
3.14449 -0.885739 
3.16874 -0.887216 
3.15729 -0.901517 
3.21327 -0.900312 
3.15384 -0.940817 
3.23711 -0.956876 
3.16512 -1.02675 
3.164 -1.04585 
3.11075 -1.10463 
3.12299 -1.11225 
3.13295 -1.04163 
3.11246 -1.02184 
3.11961 -0.956713 
3.12239 -0.939355 
3.09656 -0.905399 
3.11228 -0.903015 
3.08047 -0.884436 
3.10756 -0.886467 
3.10427 -0.874817 
3.11132 -0.872404 
3.08445 -0.866869 
3.02645 -0.864184 
2.83671 -0.869234 
3.00569 -0.889957 
2.87931 -0.947932 
3.04059 -0.966801 
2.9393 -0.992514 
2.87736 -1.00527 
2.76759 -1.02128 
2.92118 -1.02732 
2.90268 -1.0386 
2.90565 -1.03937 
2.80258 -1.05519 
2.91615 -1.06872 
2.92032 -1.07539 
2.95054 -1.09602 
2.89956 -1.11708 
3.09013 -1.14214 
3.01775 -1.15762 
3.11591 -1.1796 
2.97142 -1.1897 
3.27553 -1.19054 
3.22119 -1.19179 
3.31474 -1.16792 
3.26685 -1.15065 
3.38185 -1.12193 
3.33188 -1.10346 
3.39158 -1.08339 
3.35879 -1.07628 
3.43077 -1.06877 
3.39832 -1.04919 
3.41023 -1.03991 
3.38684 -1.04136 
3.3831 -1.03489 
3.41148 -1.02713 
3.49901 -1.01371 
3.32631 -0.983892 
3.38849 -0.966321 
3.24921 -0.910267 
3.46306 -0.88332 
3.1512 -0.866189 
3.21834 -0.868101 
3.1641 -0.874609 
3.14504 -0.87617 
3.17038 -0.88547 
3.18232 -0.887773 
3.14508 -0.904719 
3.15305 -0.901056 
3.15781 -0.940397 
3.2199 -0.951126 
3.14448 -1.02363 
3.15318 -1.03973 
3.0885 -1.09684 
3.17856 -1.11765 
3.12274 -1.03786 
3.13216 -1.02153 
3.12273 -0.950285 
3.1331 -0.940885 
3.13831 -0.903162 
3.09796 -0.903139 
3.12888 -0.888017 
3.08603 -0.888682 
3.08623 -0.879331 
3.10969 -0.87617 
3.05277 -0.868976 
3.09545 -0.866437 
2.75167 -0.884499 
2.79328 -0.911985 
2.91538 -0.966069 
2.96529 -0.985858 
2.79454 -1.01392 
2.90421 -1.02145 
2.8149 -1.03249 
2.8336 -1.02537 
2.85555 -1.04285 
2.9113 -1.04832 
2.8534 -1.0605 
2.89213 -1.07535 
2.91538 -1.09534 
3.0114 -1.09884 
2.92902 -1.12793 
3.02568 -1.14707 
2.97377 -1.16562 
3.10898 -1.19322 
3.02103 -1.1966 
3.1804 -1.19735 
3.21901 -1.1957 
3.29279 -1.17004 
3.25827 -1.15623 
3.32078 -1.11633 
3.26704 -1.11118 
3.45222 -1.09251 
3.35846 -1.08196 
3.43386 -1.06539 
3.3772 -1.06056 
3.49887 -1.04746 
3.34348 -1.04596 
3.53314 -1.04589 
3.42015 -1.03136 
3.4029 -1.02743 
3.32366 -1.0003 
3.46728 -0.984222 
3.15443 -0.930536 
3.29226 -0.900947 
3.26086 -0.870453 
3.23239 -0.869636 
3.15351 -0.874662 
3.17896 -0.875449 
3.16525 -0.887284 
3.22661 -0.883871 
3.154 -0.900373 
3.18152 -0.904291 
3.14957 -0.939725 
3.18164 -0.949116 
3.14444 -1.02183 
3.16521 -1.04356 
3.12634 -1.10052 
3.16164 -1.1026 
3.09296 -1.03739 
3.14031 -1.02396 
3.10493 -0.949005 
3.13391 -0.941644 
3.08898 -0.903079 
3.13132 -0.904851 
3.0992 -0.884743 
3.09485 -0.886138 
3.06772 -0.877733 
3.13222 -0.875155 
3.03989 -0.870081 
2.97556 -0.871591 
3.0535 -0.903009 
3.04948 -0.931043 
3.03596 -0.984197 
2.99394 -0.999034 
2.91672 -1.02139 
2.87823 -1.0316 
2.78302 -1.04318 
2.90037 -1.04872 
2.85109 -1.04966 
2.93564 -1.05566 
2.81121 -1.06411 
2.93196 -1.08171 
2.9057 -1.08787 
2.96497 -1.11143 
2.91495 -1.12715 
3.07351 -1.15617 
2.98755 -1.17025 
3.09959 -1.19435 
3.04934 -1.19658 
3.19804 -1.20137 
3.21363 -1.19831 
3.26306 -1.17804 
3.26654 -1.15872 
3.27009 -1.13114 
3.24466 -1.12137 
3.42432 -1.09487 
3.33257 -1.08808 
3.52993 -1.07004 
3.41292 -1.06502 
3.3599 -1.05036 
3.3551 -1.05143 
3.40654 -1.05023 
3.40393 -1.0473 
3.38204 -1.0316 
3.2461 -1.01215 
3.24269 -0.999028 
3.27824 -0.949983 
3.31527 -0.924339 
3.18507 -0.877052 
3.24691 -0.873078 
3.15837 -0.877008 
3.14588 -0.875976 
3.16165 -0.889363 
3.17158 -0.883219 
3.15149 -0.904915 
3.1605 -0.903951 
3.1537 -0.93618 
3.18634 -0.954018 
3.1513 -1.02079 
3.18107 -1.0383 
3.1366 -1.09919 
3.17043 -1.10483 
3.07778 -1.03839 
3.13855 -1.02093 
3.119 -0.949374 
3.10922 -0.936768 
3.06201 -0.901531 
3.12603 -0.904199 
3.1095 -0.885561 
3.12985 -0.888394 
3.12863 -0.877626 
3.10885 -0.879493 
3.13133 -0.87222 
3.10015 -0.87662 
3.02606 -0.921649 
3.0217 -0.948663 
2.91169 -0.998158 
2.95809 -1.01402 
2.90263 -1.03855 
2.93261 -1.04285 
2.83041 -1.05633 
2.90824 -1.04645 
2.87492 -1.05252 
2.90397 -1.06513 
2.87228 -1.07458 
2.89831 -1.08753 
2.90862 -1.10349 
2.99864 -1.1201 
3.03292 -1.13793 
3.01458 -1.16446 
3.04198 -1.17969 
3.13016 -1.20383 
3.02443 -1.20531 
3.28449 -1.20757 
3.23943 -1.20517 
3.26949 -1.17867 
3.203 -1.16909 
3.28281 -1.14484 
3.25909 -1.1273 
3.39029 -1.11486 
3.32629 -1.09203 
3.35769 -1.07441 
3.33978 -1.07343 
3.36455 -1.05894 
3.3412 -1.06379 
3.36728 -1.05895 
3.35858 -1.05198 
3.38545 -1.04302 
3.28394 -1.02682 
3.3737 -1.01257 
3.22548 -0.970246 
3.29667 -0.940968 
3.19583 -0.884948 
3.23943 -0.877461 
3.15859 -0.884125 
3.23047 -0.878979 
3.15844 -0.889331 
3.15742 -0.885414 
3.14196 -0.902159 
3.15129 -0.903422 
3.14886 -0.93789 
3.23521 -0.945765 
3.14871 -1.01941 
3.1676 -1.04095 
3.08162 -1.12523 
3.07071 -1.11309 
3.10632 -1.04213 
3.13577 -1.01956 
3.13404 -0.949424 
3.13601 -0.935267 
3.11103 -0.9024 
3.13462 -0.900799 
3.06676 -0.884337 
3.13155 -0.88509 
3.04519 -0.881447 
3.09632 -0.880184 
2.95404 -0.878106 
3.02561 -0.884166 
2.94529 -0.937185 
3.00154 -0.968539 
2.99491 -1.01181 
3.02714 -1.03069 
2.89184 -1.04099 
2.93592 -1.05142 
2.79546 -1.06319 
2.92396 -1.05464 
2.7616 -1.0615 
2.87358 -1.06882 
2.88249 -1.07524 
2.90738 -1.0977 
2.85052 -1.10871 
2.95277 -1.12421 
3.02491 -1.14002 
2.99356 -1.17024 
2.97269 -1.18264 
3.10256 -1.20745 
2.99404 -1.20547 
3.24068 -1.20691 
3.22102 -1.20854 
3.26052 -1.18817 
3.21633 -1.17119 
3.26891 -1.14508 
3.246 -1.13631 
3.42442 -1.11055 
3.26244 -1.0926 
3.44724 -1.07207 
3.37313 -1.07311 
3.38722 -1.0628 
3.42094 -1.06012 
3.43477 -1.06409 
3.29077 -1.05957 
3.35026 -1.05471 
3.24435 -1.03626 
3.25484 -1.02462 
3.15201 -0.986125 
3.25132 -0.956275 
3.20449 -0.89413 
3.14425 -0.882271 
3.17447 -0.881677 
3.19943 -0.878957 
3.16556 -0.891264 
3.19272 -0.88627 
3.14975 -0.901259 
3.1789 -0.90047 
3.14526 -0.937113 
3.18827 -0.945482 
3.17292 -1.01613 
3.20645 -1.04479 
3.12459 -1.11541 
3.17442 -1.11462 
3.05183 -1.0398 
3.13935 -1.01946 
3.12183 -0.95001 
3.10584 -0.935249 
3.11228 -0.903953 
3.12064 -0.901996 
3.11295 -0.888974 
3.13217 -0.889312 
3.02103 -0.882801 
3.09429 -0.882031 
3.01461 -0.883095 
3.11416 -0.895509 
3.09199 -0.958546 
3.06763 -0.986251 
3.03697 -1.02242 
2.96566 -1.03926 
2.88937 -1.05384 
2.87228 -1.05987 
2.79745 -1.05867 
2.93892 -1.0614 
2.83748 -1.066 
2.87216 -1.07445 
2.88283 -1.09008 
2.96885 -1.09982 
2.90325 -1.10693 
3.0623 -1.12824 
2.92568 -1.14878 
3.04906 -1.17286 
3.01878 -1.18214 
3.11712 -1.21118 
3.01159 -1.20674 
3.20403 -1.20879 
3.21914 -1.21262 
3.24319 -1.19231 
3.25746 -1.18408 
3.31378 -1.15042 
3.27356 -1.13453 
3.35256 -1.11593 
3.31623 -1.09908 
3.37461 -1.08468 
3.37624 -1.08004 
3.42226 -1.06808 
3.38511 -1.06761 
3.5079 -1.06441 
3.35673 -1.06617 
3.36728 -1.06134 
3.28776 -1.05007 
3.33154 -1.0346 
3.21494 -1.00412 
3.27886 -0.974549 
3.16826 -0.909381 
3.24327 -0.890195 
3.18788 -0.885722 
3.19461 -0.882719 
3.17759 -0.887497 
3.21566 -0.887045 
3.18852 -0.902125 
3.17076 -0.901862 
3.17029 -0.931594 
3.17713 -0.946964 
3.14712 -1.01655 
3.16519 -1.04221 
3.10614 -1.12101 
3.18082 -1.11566 
3.09102 -1.0388 
3.13908 -1.01972 
3.12585 -0.949005 
3.12915 -0.937004 
3.1303 -0.902092 
3.10101 -0.902502 
3.11794 -0.886099 
3.09894 -0.888621 
3.13364 -0.883716 
3.09198 -0.88514 
2.99831 -0.889148 
3.07489 -0.909498 
2.96727 -0.975118 
3.05076 -1.00329 
2.92166 -1.03544 
3.02769 -1.04996 
2.91897 -1.05717 
2.90291 -1.06526 
2.86039 -1.06104 
2.91279 -1.06729 
2.88154 -1.06681 
2.91298 -1.08471 
2.80642 -1.08042 
2.96049 -1.10652 
2.93048 -1.11274 
2.95694 -1.13372 
3.02369 -1.15092 
3.0694 -1.17751 
3.02165 -1.1901 
3.12025 -1.20934 
3.01137 -1.21389 
3.23732 -1.21374 
3.16884 -1.21186 
3.33272 -1.1924 
3.23743 -1.18513 
3.28818 -1.15703 
3.2628 -1.13702 
3.36114 -1.12083 
3.33602 -1.10658 
3.37744 -1.08669 
3.42447 -1.08195 
3.4271 -1.07612 
3.36483 -1.07532 
3.50507 -1.06978 
3.3557 -1.0777 
3.47677 -1.06954 
3.27481 -1.05688 
3.41833 -1.0505 
3.15859 -1.01547 
3.23116 -0.988341 
3.26302 -0.92256 
3.2262 -0.895291 
3.19847 -0.885084 
3.18675 -0.885261 
3.14965 -0.888408 
3.23976 -0.886824 
3.15128 -0.900614 
3.14296 -0.899035 
3.16217 -0.934681 
3.14889 -0.943254 
3.16386 -1.02047 
3.15629 -1.03672 
3.1768 -1.12131 
3.11717 -1.12119 
3.08717 -1.03581 
3.09348 -1.01675 
3.1051 -0.946466 
3.11833 -0.930789 
3.11396 -0.902203 
3.1267 -0.898904 
3.09701 -0.887504 
3.1315 -0.892983 
3.12323 -0.884231 
3.12455 -0.884777 
3.11235 -0.89656 
3.10758 -0.925015 
3.0169 -0.991307 
3.11166 -1.01525 
2.98316 -1.04942 
2.96837 -1.05564 
2.83556 -1.06221 
2.91591 -1.06814 
2.8557 -1.07375 
2.92818 -1.07753 
2.79208 -1.07447 
2.93494 -1.08352 
2.94366 -1.09571 
3.03172 -1.10258 
2.89644 -1.12028 
2.99347 -1.14153 
2.98561 -1.16023 
3.05823 -1.18219 
3.01624 -1.19213 
3.13238 -1.2104 
3.08066 -1.2145 
3.23588 -1.21155 
3.17844 -1.21612 
3.24957 -1.19534 
3.21204 -1.18536 
3.2495 -1.16113 
3.33579 -1.14373 
3.34451 -1.12536 
3.26599 -1.10506 
3.34494 -1.0912 
3.37687 -1.08809 
3.38473 -1.07943 
3.35101 -1.07435 
3.40553 -1.07207 
3.45189 -1.07881 
3.39283 -1.07028 
3.24509 -1.06519 
3.26378 -1.05011 
3.21695 -1.02969 
3.24355 -1.00656 
3.15978 -0.94043 
3.19752 -0.906499 
3.20971 -0.887558 
3.21252 -0.887185 
3.19665 -0.890769 
3.18175 -0.885267 
3.15657 -0.901558 
3.18682 -0.898696 
3.1515 -0.934209 
3.17616 -0.942533 
3.14483 -1.01669 
3.19123 -1.03782 
3.10747 -1.1224 
3.15494 -1.11165 
3.05834 -1.03568 
3.1258 -1.01497 
3.08764 -0.9437 
3.13342 -0.932149 
3.13168 -0.899517 
3.13045 -0.899124 
3.12585 -0.888384 
3.10012 -0.889626 
3.08987 -0.888746 
3.11029 -0.88947 
3.00901 -0.908584 
3.09318 -0.940268 
3.01969 -1.00654 
3.12273 -1.03059 
2.92643 -1.05505 
2.95895 -1.06952 
2.79367 -1.07139 
2.944 -1.07539 
2.90661 -1.07115 
2.93513 -1.07508 
2.76222 -1.07551 
2.95296 -1.08753 
2.9195 -1.09962 
2.96188 -1.11328 
2.93029 -1.1252 
2.95109 -1.146 
2.98709 -1.16164 
3.04967 -1.19253 
3.02722 -1.19588 
3.05801 -1.22044 
3.05171 -1.2184 
3.23832 -1.21682 
3.20741 -1.21816 
3.30098 -1.19852 
3.16779 -1.19267 
3.30111 -1.15619 
3.23029 -1.15282 
3.33952 -1.12964 
3.29461 -1.11124 
3.42734 -1.09636 
3.33732 -1.09272 
3.41838 -1.07775 
3.36795 -1.08123 
3.41359 -1.07802 
3.42212 -1.08204 
3.40074 -1.06628 
3.304 -1.07338 
3.38372 -1.0617 
3.16839 -1.0432 
3.24116 -1.0194 
3.21506 -0.957347 
3.21832 -0.924022 
3.15548 -0.892048 
3.23636 -0.887166 
3.18289 -0.891761 
3.14823 -0.889916 
3.14842 -0.898135 
3.16448 -0.89764 
3.14944 -0.931854 
3.15913 -0.943591 
3.14364 -1.01612 
3.19553 -1.03459 
3.06012 -1.12799 
3.21067 -1.11952 
3.1002 -1.03624 
3.12655 -1.01808 
3.13598 -0.943828 
3.12532 -0.926955 
3.10309 -0.898399 
3.12362 -0.898185 
3.13977 -0.891091 
3.13497 -0.890666 
3.10844 -0.888705 
3.12295 -0.891748 
3.07068 -0.922169 
3.09828 -0.957942 
3.09096 -1.0187 
2.96269 -1.04245 
2.95483 -1.06465 
3.01439 -1.07901 
2.93388 -1.07292 
2.95258 -1.07697 
2.89314 -1.08056 
2.85208 -1.0769 
2.88302 -1.06693 
2.88316 -1.0903 
2.85565 -1.09705 
2.95761 -1.11587 
2.89395 -1.12717 
2.97276 -1.15015 
2.9695 -1.16634 
3.06698 -1.19775 
2.97257 -1.196 
3.1172 -1.21534 
3.05265 -1.21203 
3.23308 -1.21528 
3.21554 -1.21725 
3.27721 -1.20019 
3.23427 -1.19731 
3.26201 -1.16937 
3.20938 -1.15651 
3.34477 -1.10824 
3.31867 -1.12117 
3.43247 -1.10612 
3.37552 -1.08807 
3.39062 -1.08392 
3.41093 -1.08005 
3.42672 -1.07847 
3.3545 -1.08458 
3.43259 -1.07993 
3.33013 -1.08697 
3.32416 -1.07344 
3.21572 -1.05378 
3.27927 -1.03194 
3.16023 -0.974002 
3.14673 -0.937419 
3.15854 -0.897543 
3.15451 -0.888815 
3.16501 -0.892616 
3.14325 -0.888901 
3.15475 -0.900267 
3.16337 -0.899605 
3.15398 -0.931493 
3.17752 -0.943483 
3.14512 -1.01411 
3.16937 -1.03026 
3.08038 -1.11444 
3.18543 -1.12351 
3.0956 -1.03923 
3.12727 -1.0137 
3.13136 -0.939066 
3.14133 -0.929624 
3.12867 -0.900663 
3.13368 -0.90092 
3.11818 -0.891213 
3.12187 -0.893349 
3.14095 -0.888988 
3.13038 -0.895294 
3.00409 -0.936933 
3.11807 -0.974652 
3.12426 -1.02802 
3.08066 -1.05131 
2.91437 -1.07508 
2.99673 -1.08324 
2.93359 -1.07961 
2.9324 -1.08403 
2.78322 -1.07721 
2.89107 -1.07434 
2.84796 -1.07631 
2.90613 -1.09109 
2.89652 -1.09899 
2.95658 -1.12164 
2.8685 -1.1335 
3.07246 -1.15255 
2.96729 -1.16948 
3.07877 -1.19717 
2.97472 -1.20187 
3.08903 -1.22527 
3.06559 -1.21798 
3.21259 -1.22029 
3.17575 -1.22279 
3.19866 -1.20275 
3.22984 -1.20029 
3.33372 -1.1788 
3.30676 -1.15935 
3.41431 -1.13152 
3.2878 -1.12645 
3.37418 -1.10567 
3.35424 -1.09878 
3.42595 -1.0836 
3.33262 -1.08667 
3.43326 -1.06957 
3.383 -1.09628 
3.48669 -1.08504 
3.30566 -1.08617 
3.33253 -1.07083 
3.16098 -1.06647 
3.30755 -1.04169 
3.20929 -0.989542 
3.17033 -0.952832 
3.17903 -0.899131 
3.23687 -0.893924 
3.16283 -0.892105 
3.1868 -0.891893 
3.19543 -0.90133 
3.16657 -0.900188 
3.14953 -0.931252 
3.16745 -0.93619 
3.16387 -1.01226 
3.16846 -1.03893 
3.13304 -1.12073 
3.15834 -1.12208 
3.08441 -1.03619 
3.1398 -1.01214 
3.06571 -0.938224 
3.12381 -0.935562 
3.09701 -0.900195 
3.13603 -0.902214 
3.12534 -0.888372 
3.04756 -0.901004 
3.06736 -0.893622 
3.1098 -0.900731 
3.08539 -0.951669 
3.1187 -0.990914 
3.01931 -1.04421 
3.04519 -1.06627 
2.91396 -1.07022 
2.96088 -1.08771 
2.84731 -1.08222 
2.93335 -1.09057 
2.89203 -1.07945 
2.91591 -1.0878 
2.8741 -1.09103 
2.80297 -1.09538 
2.93014 -1.09994 
2.94726 -1.12625 
2.85663 -1.1341 
2.97173 -1.15873 
3.01283 -1.17065 
3.09339 -1.20093 
3.0416 -1.20238 
3.13683 -1.22422 
3.07374 -1.2232 
3.24885 -1.22307 
3.17545 -1.22905 
3.19239 -1.20543 
3.20523 -1.20087 
3.32445 -1.17777 
3.19672 -1.16508 
3.29029 -1.14414 
3.28914 -1.12973 
3.40285 -1.1094 
3.34276 -1.09979 
3.39921 -1.08501 
3.52748 -1.08174 
3.37735 -1.07414 
3.34628 -1.09375 
3.42619 -1.08183 
3.2359 -1.09074 
3.4063 -1.09025 
3.16648 -1.07369 
3.30899 -1.05431 
3.14444 -1.00396 
3.18816 -0.966069 
3.23669 -0.905637 
3.21236 -0.892859 
3.214 -0.894414 
3.1477 -0.89413 
3.14436 -0.897893 
3.14609 -0.897118 
3.17239 -0.929106 
3.1757 -0.938605 
3.16841 -1.01147 
3.17231 -1.03432 
3.12277 -1.12212 
3.20936 -1.12113 
3.06171 -1.03708 
3.13467 -1.00911 
3.12033 -0.941351 
3.11357 -0.9268 
3.07439 -0.899915 
3.13216 -0.900269 
3.13761 -0.888938 
3.12316 -0.897048 
3.10185 -0.895112 
3.11269 -0.905003 
3.04904 -0.967558 
3.05236 -1.00753 
3.05154 -1.05452 
3.12333 -1.07673 
2.97688 -1.08544 
3.02983 -1.08858 
2.9183 -1.08494 
2.9812 -1.08622 
2.86385 -1.07667 
2.93954 -1.08614 
2.82329 -1.08738 
3.0027 -1.10145 
2.92456 -1.11247 
2.97214 -1.12516 
2.87681 -1.14228 
3.00095 -1.16284 
2.97746 -1.17374 
3.0535 -1.1991 
3.05111 -1.20778 
3.07455 -1.22128 
3.04858 -1.2206 
3.2331 -1.22016 
3.14774 -1.22768 
3.2376 -1.2072 
3.23974 -1.20213 
3.26345 -1.18074 
3.28373 -1.16589 
3.33171 -1.14029 
3.30937 -1.12838 
3.36968 -1.10899 
3.35012 -1.10686 
3.35297 -1.08754 
3.3628 -1.08679 
3.39551 -1.07399 
3.28281 -1.08952 
3.4063 -1.08987 
3.23986 -1.09006 
3.33408 -1.09237 
3.22093 -1.08463 
3.2296 -1.06186 
3.18609 -1.01732 
3.20676 -0.984569 
3.1578 -0.911108 
3.14823 -0.89844 
3.16887 -0.894936 
3.14165 -0.889857 
3.1478 -0.898118 
3.17786 -0.898501 
3.14948 -0.928254 
3.17629 -0.938891 
3.14228 -1.00886 
3.21171 -1.03383 
3.05781 -1.1215 
3.18232 -1.12322 
3.10696 -1.03323 
3.13911 -1.0081 
3.05212 -0.937216 
3.13826 -0.928946 
3.14085 -0.902113 
3.11971 -0.901722 
3.0637 -0.892948 
3.12794 -0.896822 
3.11677 -0.897372 
3.12146 -0.911593 
3.09186 -0.982553 
3.13864 -1.01671 
3.07942 -1.06297 
3.1003 -1.08165 
2.94174 -1.08051 
2.99608 -1.09714 
2.89366 -1.08878 
2.94558 -1.0904 
2.86615 -1.08283 
2.93019 -1.09321 
2.91188 -1.09442 
2.98532 -1.1063 
2.87243 -1.10109 
3.02952 -1.1299 
2.99133 -1.14633 
3.05063 -1.16869 
2.96785 -1.18294 
3.07421 -1.20288 
3.04083 -1.20535 
3.13021 -1.22782 
3.08448 -1.23123 
3.1989 -1.22599 
3.20383 -1.22425 
3.24315 -1.20478 
3.22613 -1.21273 
3.2612 -1.18384 
3.26441 -1.16673 
3.2587 -1.14958 
3.24219 -1.13457 
3.42593 -1.10933 
3.28834 -1.10507 
3.40195 -1.09157 
3.32138 -1.09425 
3.39134 -1.08938 
3.29916 -1.09784 
3.36853 -1.08721 
3.3314 -1.10318 
3.36836 -1.09495 
3.21918 -1.08756 
3.28635 -1.07597 
3.18603 -1.02972 
3.21299 -0.993888 
3.15374 -0.91772 
3.16935 -0.901367 
3.15349 -0.895847 
3.1572 -0.890508 
3.18432 -0.9006 
3.15138 -0.89647 
3.16731 -0.92994 
3.15168 -0.936143 
3.16128 -1.00506 
3.17165 -1.02794 
3.10524 -1.13596 
3.21489 -1.1295 
3.12855 -1.03068 
3.13147 -1.00601 
3.11118 -0.938096 
3.12382 -0.929361 
3.12562 -0.896853 
3.11882 -0.901712 
3.10849 -0.891753 
3.10666 -0.89954 
3.0793 -0.901084 
3.11969 -0.917463 
3.03426 -0.995766 
3.09067 -1.03334 
3.04462 -1.07016 
3.06832 -1.08593 
3.00727 -1.0919 
3.01147 -1.09645 
2.93374 -1.0896 
2.94615 -1.09623 
2.75095 -1.08738 
3.04164 -1.09473 
2.78945 -1.09076 
2.95521 -1.09789 
2.87363 -1.11632 
2.95624 -1.13159 
2.97961 -1.14599 
3.05634 -1.16502 
3.03584 -1.18441 
3.06791 -1.20871 
3.13012 -1.20683 
3.10413 -1.22835 
3.04097 -1.22616 
3.19914 -1.22024 
3.14984 -1.233 
3.24913 -1.21111 
3.16762 -1.21199 
3.28157 -1.18995 
3.22205 -1.17737 
3.30362 -1.15415 
3.31047 -1.13873 
3.42317 -1.11705 
3.28933 -1.11557 
3.39192 -1.0975 
3.3941 -1.09722 
3.45091 -1.09078 
3.24085 -1.09715 
3.42634 -1.0848 
3.3203 -1.10207 
3.28533 -1.09506 
3.17545 -1.09627 
3.24717 -1.07707 
3.21472 -1.04209 
3.19972 -1.0113 
3.14471 -0.927049 
3.16041 -0.906047 
3.14548 -0.896966 
3.15537 -0.892215 
3.14816 -0.9008 
3.16578 -0.898959 
3.15062 -0.92517 
3.15794 -0.933723 
3.16523 -1.00605 
3.15533 -1.03394 
3.16532 -1.14026 
3.11444 -1.13344 
3.12732 -1.03455 
3.12195 -1.01082 
3.09847 -0.934168 
3.12718 -0.927555 
3.12293 -0.898875 
3.09484 -0.899758 
3.12359 -0.892234 
3.05555 -0.900471 
3.07241 -0.904041 
3.10432 -0.925242 
3.06102 -1.0113 
3.13356 -1.04253 
3.01775 -1.08328 
3.04941 -1.09576 
2.99692 -1.09811 
2.96844 -1.10725 
2.84951 -1.09611 
2.92693 -1.10076 
2.88091 -1.09212 
2.92899 -1.09199 
2.92765 -1.08225 
2.96379 -1.10728 
2.89194 -1.11375 
3.03196 -1.13276 
2.9729 -1.15515 
2.95521 -1.17465 
2.9765 -1.18399 
3.10424 -1.21283 
3.02568 -1.21521 
3.10233 -1.23229 
3.04356 -1.21681 
3.18146 -1.22526 
3.14942 -1.22825 
3.20066 -1.2177 
3.1874 -1.21062 
3.30439 -1.19204 
3.20463 -1.17644 
3.28159 -1.15162 
3.29938 -1.14124 
3.3668 -1.12091 
3.28672 -1.11205 
3.42001 -1.09678 
3.25609 -1.10048 
3.41852 -1.0914 
3.37361 -1.09877 
3.35501 -1.09561 
3.21844 -1.10769 
3.27069 -1.09645 
3.29226 -1.09849 
3.22385 -1.08846 
3.16277 -1.05927 
3.17191 -1.02482 
3.21036 -0.938192 
3.1814 -0.910994 
3.14404 -0.900656 
3.16554 -0.89329 
3.15019 -0.903901 
3.22886 -0.897825 
3.18246 -0.927574 
3.20743 -0.935238 
3.14192 -1.01043 
3.14939 -1.03295 
3.05766 -1.13398 
3.10308 -1.13711 
3.10226 -1.03149 
3.11308 -1.00781 
3.12084 -0.935252 
3.13307 -0.923127 
3.0971 -0.900208 
3.11969 -0.902591 
3.13781 -0.892284 
3.05861 -0.901345 
3.11995 -0.910871 
3.12388 -0.938492 
3.05907 -1.02428 
3.13989 -1.05552 
3.0642 -1.08546 
3.1278 -1.10255 
2.94735 -1.09913 
3.01073 -1.10888 
2.87554 -1.08787 
2.94989 -1.10277 
2.86557 -1.09117 
2.95756 -1.09154 
2.88374 -1.09715 
2.989 -1.11198 
2.92482 -1.11595 
3.02904 -1.13998 
3.00253 -1.14943 
3.11128 -1.17815 
2.94764 -1.18433 
3.05356 -1.2147 
3.09253 -1.21124 
3.07731 -1.22994 
3.11277 -1.21887 
3.19552 -1.22461 
3.19677 -1.22545 
3.236 -1.21317 
3.15485 -1.21035 
3.25075 -1.19277 
3.17469 -1.1813 
3.28699 -1.15419 
3.32579 -1.14431 
3.41872 -1.12158 
3.30511 -1.10929 
3.36627 -1.1012 
3.43372 -1.10186 
3.41282 -1.08377 
3.38427 -1.10062 
3.34161 -1.09649 
3.30412 -1.11053 
3.29274 -1.09907 
3.15845 -1.10694 
3.31908 -1.09264 
3.14756 -1.06811 
3.15264 -1.03125 
3.206 -0.951748 
3.20464 -0.917291 
3.18198 -0.902552 
3.17103 -0.89547 
3.15286 -0.903154 
3.18184 -0.897998 
3.15166 -0.925988 
3.14491 -0.933826 
3.14631 -1.00178 
3.21035 -1.03103 
3.16071 -1.13275 
3.13742 -1.13564 
3.1228 -1.0322 
3.12211 -1.00728 
3.07956 -0.9311 
3.13793 -0.92566 
3.129 -0.898007 
3.13091 -0.900467 
3.09478 -0.895135 
3.0981 -0.904002 
3.05447 -0.916394 
3.13558 -0.950302 
3.09717 -1.03459 
3.13499 -1.07179 
3.06299 -1.08677 
3.09487 -1.10874 
2.98151 -1.10301 
2.94879 -1.11092 
2.8534 -1.09432 
2.88264 -1.09814 
2.82137 -1.09809 
2.84937 -1.10043 
2.90251 -1.0991 
2.99462 -1.11496 
2.87971 -1.122 
2.97297 -1.14126 
2.97192 -1.15868 
3.09435 -1.17921 
3.00622 -1.19101 
3.13538 -1.21202 
3.00267 -1.21632 
3.111 -1.23194 
3.05562 -1.22148 
3.19837 -1.21941 
3.17647 -1.2289 
3.20453 -1.21718 
3.14991 -1.21221 
3.19852 -1.19416 
3.30046 -1.18882 
3.28627 -1.16043 
3.27682 -1.14573 
3.37092 -1.12411 
3.28531 -1.12021 
3.40592 -1.09904 
3.35307 -1.10127 
3.39726 -1.09659 
3.35769 -1.1034 
3.40189 -1.09857 
3.33363 -1.11008 
3.32898 -1.1034 
3.18278 -1.10931 
3.20485 -1.09538 
3.18698 -1.07646 
3.16819 -1.04697 
3.18078 -0.963966 
3.188 -0.923289 
3.16717 -0.902656 
3.14435 -0.894108 
3.1556 -0.902126 
3.15995 -0.904534 
3.14557 -0.926563 
3.18504 -0.930385 
3.16351 -1.00252 
3.23419 -1.02969 
3.14502 -1.13446 
3.19042 -1.13032 
3.10044 -1.03415 
3.13547 -1.00451 
3.12026 -0.931195 
3.1309 -0.921195 
3.06602 -0.899995 
3.13838 -0.902924 
3.10816 -0.896404 
3.13761 -0.906307 
3.07492 -0.922661 
3.13553 -0.963602 
3.06044 -1.04857 
3.10105 -1.07276 
3.05462 -1.09963 
3.11113 -1.10446 
2.99644 -1.10317 
3.03163 -1.11023 
2.87104 -1.09531 
2.95684 -1.09819 
2.91773 -1.09799 
2.94836 -1.10094 
2.84942 -1.11047 
2.96442 -1.12043 
2.93707 -1.12555 
2.99491 -1.15009 
3.01816 -1.15934 
3.06751 -1.18208 
3.03287 -1.19451 
3.13405 -1.21639 
3.02801 -1.2139 
3.11851 -1.22598 
3.10825 -1.22363 
3.23612 -1.2267 
3.17147 -1.23785 
3.20314 -1.21803 
3.19756 -1.21323 
3.25381 -1.19886 
3.16923 -1.19007 
3.25252 -1.15725 
3.33629 -1.14881 
3.40117 -1.12981 
3.25801 -1.11951 
3.43257 -1.10337 
3.26383 -1.1004 
3.38888 -1.09489 
3.27476 -1.10247 
3.39825 -1.09823 
3.31618 -1.11714 
3.27601 -1.10566 
3.19976 -1.1162 
3.23622 -1.10658 
3.15513 -1.08058 
3.15408 -1.05657 
3.1689 -0.977289 
3.18711 -0.932185 
3.14661 -0.903813 
3.23121 -0.897244 
3.14818 -0.901538 
3.21909 -0.89911 
3.14979 -0.923172 
3.17349 -0.929216 
3.14584 -1.00186 
3.2118 -1.0289 
3.11381 -1.13265 
3.11444 -1.14284 
3.10533 -1.02704 
3.1328 -1.00436 
3.11603 -0.930718 
3.14011 -0.921804 
3.10975 -0.89742 
3.12676 -0.901524 
3.11738 -0.898092 
3.12793 -0.905087 
3.10787 -0.934816 
3.11787 -0.977118 
3.06612 -1.05764 
3.09953 -1.08637 
2.97806 -1.10592 
3.06364 -1.11535 
2.99562 -1.1018 
2.96533 -1.11217 
2.89261 -1.09822 
2.98951 -1.10657 
2.90996 -1.10141 
2.96336 -1.10351 
2.86095 -1.10445 
2.96264 -1.11663 
2.92324 -1.13655 
3.01609 -1.15039 
2.96993 -1.16378 
3.04867 -1.18552 
2.97487 -1.197 
3.11798 -1.2185 
3.06904 -1.21649 
3.08632 -1.23322 
3.05442 -1.22267 
3.22114 -1.21866 
3.14503 -1.23014 
3.23296 -1.2194 
3.16135 -1.21825 
3.29628 -1.20012 
3.15162 -1.18506 
3.31594 -1.164 
3.2861 -1.15342 
3.34374 -1.12715 
3.28262 -1.12129 
3.40774 -1.10766 
3.27936 -1.10499 
3.37533 -1.09874 
3.35654 -1.10321 
3.3913 -1.09952 
3.24844 -1.11744 
3.3251 -1.10947 
3.14478 -1.11949 
3.17884 -1.10343 
3.18881 -1.09537 
3.2315 -1.06422 
3.17551 -0.992645 
3.19405 -0.943992 
3.1705 -0.906013 
3.17683 -0.897857 
3.15641 -0.902264 
3.15593 -0.900441 
3.1896 -0.924756 
3.15173 -0.928495 
3.15631 -1.00337 
3.18596 -1.03076 
3.10015 -1.13857 
3.18653 -1.13454 
3.10493 -1.02783 
3.13343 -0.999877 
3.13521 -0.926529 
3.11813 -0.920009 
3.09911 -0.899238 
3.13332 -0.903273 
3.10384 -0.898561 
3.13269 -0.907211 
3.10069 -0.942971 
3.11146 -0.99391 
3.12084 -1.06637 
3.04981 -1.09532 
3.06043 -1.10923 
3.07781 -1.11804 
2.89587 -1.11323 
2.97204 -1.11788 
2.88072 -1.09877 
2.91008 -1.10358 
2.88091 -1.09422 
2.99649 -1.10569 
2.94491 -1.10847 
3.0136 -1.12305 
2.89498 -1.12505 
3.03068 -1.14939 
3.0182 -1.16655 
3.0561 -1.18862 
3.06701 -1.19521 
3.11239 -1.2181 
3.11329 -1.2191 
3.10514 -1.23026 
3.07373 -1.22045 
3.19813 -1.22118 
3.15498 -1.23398 
3.22956 -1.22124 
3.18261 -1.22141 
3.24475 -1.20517 
3.19571 -1.19374 
3.2786 -1.16907 
3.31105 -1.15492 
3.40074 -1.1406 
3.30813 -1.12435 
3.39125 -1.1066 
3.30228 -1.11287 
3.43343 -1.1 
3.43048 -1.11101 
3.3936 -1.10446 
3.31006 -1.11453 
3.27701 -1.10729 
3.2847 -1.11748 
3.22843 -1.10945 
3.16648 -1.09906 
3.17934 -1.07339 
3.15446 -1.00912 
3.2308 -0.956363 
3.15068 -0.912571 
3.15921 -0.899237 
3.16883 -0.902691 
3.17393 -0.900826 
3.16544 -0.923198 
3.18178 -0.929777 
3.15763 -0.998244 
3.21201 -1.02886 
3.12974 -1.13614 
3.11017 -1.1491 
3.13577 -1.02904 
3.11223 -0.998134 
3.13495 -0.929779 
3.13434 -0.919622 
3.13068 -0.899997 
3.13233 -0.901502 
3.13643 -0.900045 
3.1402 -0.908847 
3.06833 -0.955098 
3.10546 -1.00544 
3.07951 -1.07444 
3.13838 -1.10115 
3.01475 -1.11551 
3.06784 -1.12178 
2.98684 -1.10617 
3.04107 -1.11527 
2.92221 -1.10444 
3.01681 -1.10664 
2.85493 -1.10053 
2.96816 -1.10859 
2.89896 -1.11474 
3.01444 -1.12055 
2.90665 -1.13906 
3.02443 -1.16093 
2.99524 -1.17145 
3.10697 -1.1908 
2.96181 -1.20382 
3.10533 -1.21871 
3.04457 -1.21249 
3.13281 -1.23393 
3.05085 -1.22133 
3.21295 -1.22145 
3.15028 -1.23627 
3.15488 -1.21683 
3.21086 -1.22056 
3.25604 -1.20434 
3.18946 -1.196 
3.25472 -1.17043 
3.28432 -1.15672 
3.37366 -1.14117 
3.29942 -1.12939 
3.37914 -1.10816 
3.31508 -1.11747 
3.34933 -1.09853 
3.289 -1.10981 
3.42159 -1.10077 
3.24907 -1.11878 
3.26244 -1.1094 
3.17061 -1.12633 
3.22848 -1.10884 
3.18452 -1.10571 
3.23318 -1.08549 
3.16354 -1.01767 
3.16538 -0.967974 
3.14821 -0.911508 
3.17795 -0.901201 
3.1583 -0.908517 
3.20425 -0.898683 
3.16168 -0.920299 
3.16419 -0.929445 
3.15197 -0.993891 
3.19685 -1.02988 
3.1273 -1.12761 
3.21949 -1.13681 
3.05374 -1.03559 
3.1118 -0.99542 
3.10768 -0.931291 
3.12924 -0.920596 
3.1118 -0.901634 
3.13356 -0.902309 
3.12851 -0.901531 
3.13679 -0.91065 
3.10885 -0.968363 
3.12992 -1.01968 
3.05505 -1.08108 
3.14142 -1.11053 
3.03934 -1.10852 
3.06383 -1.11946 
2.95378 -1.10756 
3.01058 -1.11393 
2.84726 -1.09775 
2.97976 -1.10862 
2.90683 -1.09906 
2.9666 -1.11051 
2.93724 -1.11015 
3.0327 -1.12932 
2.8672 -1.13777 
2.99874 -1.15591 
3.01578 -1.17059 
3.12142 -1.18721 
3.02161 -1.20553 
3.09606 -1.22689 
3.13405 -1.21536 
3.11089 -1.23154 
3.04593 -1.21936 
3.19301 -1.22532 
3.19618 -1.23809 
3.19359 -1.21944 
3.15632 -1.22296 
3.26843 -1.20454 
3.19387 -1.19761 
3.28521 -1.1745 
3.2867 -1.15866 
3.26056 -1.13751 
3.27084 -1.12762 
3.4319 -1.11314 
3.30738 -1.10639 
3.36493 -1.10084 
3.28308 -1.10518 
3.40846 -1.10278 
3.32347 -1.11851 
3.41153 -1.11365 
3.21364 -1.1259 
3.23706 -1.1146 
3.18436 -1.1149 
3.19498 -1.09396 
3.16971 -1.03195 
3.17021 -0.982198 
3.22929 -0.91538 
3.16868 -0.900764 
3.16564 -0.902395 
3.14311 -0.899846 
3.16487 -0.924078 
3.17667 -0.926292 
3.18208 -0.998015 
3.17686 -1.02417 
3.11816 -1.13781 
3.09683 -1.15084 
3.10169 -1.0292 
3.1312 -0.997529 
3.12446 -0.928258 
3.10751 -0.922622 
3.11182 -0.900033 
3.12889 -0.904628 
3.08414 -0.903005 
3.13927 -0.912405 
3.09292 -0.979352 
3.12154 -1.03241 
3.06133 -1.09036 
3.12082 -1.111 
3.03215 -1.11571 
3.06149 -1.12717 
2.96015 -1.11532 
3.0136 -1.12162 
2.87861 -1.10249 
2.96111 -1.11084 
2.89251 -1.1023 
2.91993 -1.11463 
2.85042 -1.11826 
3.04119 -1.12985 
2.91226 -1.1381 
3.04622 -1.15872 
2.97271 -1.17109 
3.05483 -1.19851 
3.01825 -1.20702 
3.12166 -1.22349 
3.05746 -1.21779 
3.13107 -1.2328 
3.10158 -1.22469 
3.1708 -1.22609 
3.16495 -1.23458 
3.20403 -1.22008 
3.19238 -1.22114 
3.26067 -1.20246 
3.15355 -1.20007 
3.24919 -1.17649 
3.33507 -1.16116 
3.36028 -1.13829 
3.27162 -1.13343 
3.36833 -1.11517 
3.35851 -1.1124 
3.35486 -1.10592 
3.25664 -1.11088 
3.40069 -1.10559 
3.32121 -1.12291 
3.32605 -1.1169 
3.2102 -1.12858 
3.24279 -1.12175 
3.19067 -1.11614 
3.22605 -1.09947 
3.15036 -1.0412 
3.23898 -0.993092 
3.16047 -0.916507 
3.19449 -0.905515 
3.16256 -0.903607 
3.17737 -0.899415 
3.14386 -0.918971 
3.16036 -0.924628 
3.16675 -0.998765 
3.1691 -1.02647 
3.08668 -1.13075 
3.16549 -1.15118 
3.06366 -1.02295 
3.12027 -0.997478 
3.12362 -0.926724 
3.13264 -0.920964 
3.12132 -0.901453 
3.1061 -0.903452 
3.06384 -0.904266 
3.1396 -0.917599 
3.14104 -0.994635 
3.08548 -1.04091 
3.13734 -1.09435 
3.09644 -1.11622 
2.94937 -1.12141 
3.11282 -1.12885 
2.96087 -1.11429 
2.99227 -1.11992 
2.85414 -1.10789 
2.99323 -1.11222 
2.92779 -1.10552 
2.97976 -1.10706 
2.9021 -1.11309 
2.95656 -1.12659 
2.88954 -1.1505 
3.03069 -1.15917 
3.0159 -1.17863 
3.05372 -1.20102 
3.05387 -1.20782 
3.09541 -1.22693 
3.10237 -1.21795 
3.10742 -1.23167 
3.06821 -1.22484 
3.22391 -1.22195 
3.17408 -1.23507 
3.22536 -1.219 
3.18548 -1.22537 
3.29744 -1.2062 
3.22457 -1.20399 
3.28171 -1.17567 
3.30976 -1.16381 
3.38065 -1.14291 
3.26048 -1.13478 
3.47926 -1.11895 
3.29768 -1.11197 
3.41728 -1.10205 
3.31349 -1.11899 
3.4052 -1.11097 
3.33739 -1.11846 
3.33024 -1.11395 
3.1517 -1.12479 
3.29394 -1.12365 
3.23109 -1.12819 
3.19607 -1.10361 
3.17786 -1.05173 
3.17704 -1.00679 
3.15336 -0.920037 
3.23277 -0.90757 
3.14409 -0.905917 
3.14231 -0.900522 
3.14473 -0.919336 
3.16072 -0.927772 
3.15241 -0.996429 
3.16101 -1.02005 
3.16404 -1.1419 
3.1704 -1.14347 
3.11027 -1.02399 
3.12789 -0.993096 
3.10194 -0.925603 
3.13697 -0.92109 
3.12829 -0.901441 
3.11185 -0.904686 
3.08135 -0.905165 
3.13625 -0.922024 
3.14129 -1.0036 
3.12906 -1.05302 
3.06678 -1.10418 
3.11749 -1.12315 
3.0352 -1.11984 
3.03465 -1.12741 
2.91265 -1.11534 
2.98925 -1.11528 
2.86768 -1.10928 
2.93678 -1.10677 
2.91073 -1.10364 
2.9752 -1.1176 
2.94004 -1.11278 
2.96514 -1.13329 
2.95747 -1.15442 
2.9961 -1.16618 
2.95742 -1.1769 
3.08096 -1.20376 
3.0886 -1.20809 
3.12771 -1.22881 
3.0172 -1.21951 
3.11027 -1.23659 
3.09138 -1.22612 
3.18682 -1.22567 
3.14482 -1.23254 
3.21065 -1.21789 
3.15427 -1.22434 
3.31949 -1.20342 
3.15123 -1.19992 
3.25841 -1.17914 
3.32361 -1.16962 
3.38511 -1.14497 
3.33195 -1.13545 
3.33998 -1.1176 
3.30808 -1.11369 
3.39858 -1.10696 
3.33497 -1.11485 
3.40985 -1.1116 
3.27471 -1.12507 
3.33684 -1.11342 
3.16966 -1.1317 
3.30093 -1.12362 
3.18865 -1.12388 
3.33785 -1.1052 
3.14776 -1.06572 
3.16094 -1.01626 
3.16225 -0.926004 
3.15011 -0.90887 
3.17453 -0.908096 
3.14921 -0.902439 
3.15039 -0.919445 
3.23283 -0.926279 
3.1419 -0.995693 
3.18353 -1.02825 
3.14912 -1.1339 
3.15741 -1.13151 
3.08988 -1.02398 
3.14147 -0.992968 
3.10747 -0.924571 
3.08818 -0.922787 
3.12942 -0.901483 
3.12148 -0.907053 
3.12369 -0.909057 
3.11297 -0.926272 
3.13704 -1.01574 
3.11881 -1.06338 
3.09525 -1.11825 
3.13189 -1.12746 
3.01873 -1.1253 
3.07575 -1.13143 
2.96777 -1.1209 
3.00056 -1.12407 
2.82099 -1.10697 
2.9608 -1.11214 
2.87065 -1.1085 
3.02439 -1.11092 
2.87871 -1.11966 
3.00778 -1.14042 
2.99081 -1.14487 
3.08179 -1.16802 
3.01355 -1.18288 
3.12829 -1.20762 
2.94692 -1.20854 
3.12495 -1.22407 
3.02467 -1.22585 
3.12588 -1.23272 
3.07774 -1.23054 
3.20079 -1.21959 
3.15976 -1.23561 
3.24753 -1.22575 
3.18484 -1.22663 
3.1987 -1.20926 
3.19038 -1.20351 
3.28002 -1.17388 
3.19677 -1.16589 
3.30002 -1.14879 
3.26963 -1.1388 
3.36287 -1.11923 
3.28387 -1.11916 
3.40016 -1.10871 
3.31479 -1.11361 
3.43506 -1.11516 
3.25094 -1.12605 
3.2727 -1.11758 
3.2116 -1.13579 
3.21246 -1.12504 
3.16356 -1.13378 
3.17258 -1.11587 
3.15313 -1.0712 
3.1425 -1.02883 
3.17692 -0.932754 
3.20807 -0.913809 
3.14448 -0.904233 
3.14261 -0.900278 
3.15926 -0.918814 
3.1678 -0.924002 
3.17855 -0.993989 
3.22507 -1.02001 
3.10189 -1.14822 
3.17302 -1.13743 
3.10536 -1.02676 
3.10541 -0.994884 
3.10466 -0.925117 
3.14068 -0.920642 
3.12358 -0.902854 
3.13208 -0.906896 
3.14087 -0.91019 
3.08088 -0.929475 
3.1304 -1.02995 
3.12612 -1.06995 
3.10844 -1.11555 
3.13612 -1.13049 
2.96423 -1.12729 
3.14027 -1.13334 
2.95042 -1.11297 
2.96785 -1.12032 
2.88096 -1.11592 
3.01552 -1.11469 
2.87933 -1.10897 
3.00636 -1.11576 
2.90723 -1.12337 
3.04294 -1.13553 
2.90958 -1.14488 
2.99948 -1.16727 
3.00138 -1.1774 
3.09012 -1.20841 
3.04315 -1.21226 
3.11815 -1.22829 
3.0531 -1.2246 
3.11873 -1.2304 
3.07187 -1.219 
3.22992 -1.22763 
3.15672 -1.23155 
3.26019 -1.22654 
3.18661 -1.22988 
3.23838 -1.20799 
3.2013 -1.20741 
3.25285 -1.18465 
3.27934 -1.17785 
3.30297 -1.1475 
3.33555 -1.13543 
3.34663 -1.12646 
3.36196 -1.11467 
3.34733 -1.10469 
3.28459 -1.11192 
3.4399 -1.11115 
3.32308 -1.12224 
3.2437 -1.1176 
3.21836 -1.13333 
3.30312 -1.12384 
3.16315 -1.13701 
3.22241 -1.12316 
3.14497 -1.08355 
3.18803 -1.03746 
3.18028 -0.93598 
3.18258 -0.916398 
3.17572 -0.906998 
3.18936 -0.898221 
3.15793 -0.920092 
3.14684 -0.92358 
3.14522 -0.990946 
3.14685 -1.02451 
3.14684 -1.1469 
3.13704 -1.14531 
3.11577 -1.02106 
3.13567 -0.995854 
3.13165 -0.923214 
3.13836 -0.92152 
3.10053 -0.90306 
3.06906 -0.906082 
3.09521 -0.913389 
3.1142 -0.938127 
3.10473 -1.03744 
3.11573 -1.08332 
3.13697 -1.12187 
3.1117 -1.13249 
3.07299 -1.12761 
3.09961 -1.13488 
2.97957 -1.12351 
3.07101 -1.12145 
2.94136 -1.11516 
3.00671 -1.11406 
2.91686 -1.10722 
2.9939 -1.12193 
2.87717 -1.12206 
3.04025 -1.14239 
3.00708 -1.15802 
3.07925 -1.17102 
2.98176 -1.18382 
3.05583 -1.20612 
3.07328 -1.21044 
3.08153 -1.23143 
3.01068 -1.22315 
3.09629 -1.2326 
3.07606 -1.22414 
3.23144 -1.22185 
3.17916 -1.23734 
3.22584 -1.22344 
3.18112 -1.22843 
3.21901 -1.20989 
3.1965 -1.21264 
3.29588 -1.18974 
3.22066 -1.16735 
3.31254 -1.14778 
3.2565 -1.14407 
3.37677 -1.11947 
3.2419 -1.11787 
3.43223 -1.11225 
3.2935 -1.12257 
3.42452 -1.11365 
3.24873 -1.12897 
3.2669 -1.12421 
3.24648 -1.13631 
3.25683 -1.12774 
3.17587 -1.14003 
3.15615 -1.1228 
3.16056 -1.08925 
3.16141 -1.04991 
3.1427 -0.94451 
3.14388 -0.915464 
3.15207 -0.911641 
3.15651 -0.901042 
3.14797 -0.917966 
3.1595 -0.923653 
3.18982 -0.991481 
3.15602 -1.02185 
3.18327 -1.14426 
3.11261 -1.13718 
3.1059 -1.02167 
3.10644 -0.989187 
3.10311 -0.924977 
3.11737 -0.920037 
3.1299 -0.904106 
3.12858 -0.907445 
3.09095 -0.915836 
3.12638 -0.942636 
3.12635 -1.05088 
3.14108 -1.09041 
3.09056 -1.11752 
3.12661 -1.13919 
2.97957 -1.13484 
3.07987 -1.13254 
3.00468 -1.11592 
2.97789 -1.13011 
2.93326 -1.11101 
2.94769 -1.12065 
2.90152 -1.10764 
2.97027 -1.11999 
2.87899 -1.12488 
3.00818 -1.14228 
2.96363 -1.14964 
3.01195 -1.17627 
2.96025 -1.18125 
3.05436 -1.2105 
3.04166 -1.21446 
3.09892 -1.2287 
3.10614 -1.22198 
3.10562 -1.23072 
3.01379 -1.2193 
3.3203 -1.22712 
3.15698 -1.23856 
3.21514 -1.22582 
3.17717 -1.22719 
3.23097 -1.21102 
3.18936 -1.21191 
3.28171 -1.18972 
3.21132 -1.1772 
3.24686 -1.1501 
3.25688 -1.14659 
3.2612 -1.1275 
3.31589 -1.1233 
3.35204 -1.10959 
3.26556 -1.11843 
3.34307 -1.11302 
3.28394 -1.1265 
3.37246 -1.12523 
3.20432 -1.13882 
3.25796 -1.13064 
3.16209 -1.14093 
3.20185 -1.12798 
3.16877 -1.09624 
3.17436 -1.05628 
3.14871 -0.952242 
3.15705 -0.918625 
3.14459 -0.908695 
3.15758 -0.901961 
3.17424 -0.919628 
3.16618 -0.924262 
3.17316 -0.990246 
3.196 -1.02043 
3.14909 -1.14479 
3.10047 -1.14929 
3.13381 -1.02115 
3.10417 -0.986674 
3.10722 -0.921911 
3.11808 -0.915093 
3.11089 -0.902376 
3.13637 -0.906987 
3.12673 -0.920799 
3.13317 -0.951305 
3.07836 -1.05922 
3.13093 -1.09498 
3.07081 -1.13098 
3.13366 -1.1431 
3.12837 -1.13015 
3.03843 -1.13711 
3.02007 -1.11802 
3.09627 -1.12896 
2.90507 -1.11163 
3.01101 -1.1179 
2.84915 -1.10904 
2.94939 -1.1231 
2.90526 -1.12945 
3.01475 -1.14588 
3.0357 -1.15705 
3.01461 -1.17623 
3.04282 -1.18628 
3.11003 -1.21367 
3.0166 -1.21337 
3.13481 -1.2288 
3.10034 -1.21925 
3.13318 -1.23259 
3.0687 -1.22007 
3.22986 -1.22215 
3.15551 -1.23617 
3.22812 -1.22555 
3.15419 -1.22579 
3.28504 -1.21584 
3.19736 -1.21587 
3.25933 -1.19148 
3.22909 -1.17902 
3.28618 -1.15517 
3.28756 -1.14351 
3.40208 -1.12853 
3.26505 -1.12313 
3.39518 -1.114 
3.24041 -1.1162 
3.34624 -1.11454 
3.23737 -1.12338 
3.26215 -1.12764 
3.2849 -1.13647 
3.21437 -1.12882 
3.18519 -1.1457 
3.20695 -1.13552 
3.15456 -1.11042 
3.1539 -1.06837 
3.14603 -0.95812 
3.15493 -0.923968 
3.16606 -0.908603 
3.16832 -0.904892 
3.15748 -0.917449 
3.17675 -0.921052 
3.17445 -0.990406 
3.18232 -1.01833 
3.15624 -1.1411 
3.11396 -1.15097 
3.05207 -1.02145 
3.14158 -0.988711 
3.13203 -0.92327 
3.11773 -0.92117 
3.13352 -0.902609 
3.13483 -0.908604 
3.12831 -0.923206 
3.12589 -0.960245 
3.10807 -1.07004 
3.10796 -1.1075 
3.07145 -1.13118 
3.11702 -1.14375 
3.07844 -1.12532 
3.07791 -1.13805 
2.97477 -1.12485 
3.0101 -1.13144 
2.94016 -1.10928 
2.95955 -1.11825 
2.91408 -1.11676 
2.96288 -1.1233 
2.8708 -1.12128 
3.01943 -1.14206 
2.94577 -1.15956 
3.06012 -1.17669 
3.04248 -1.19023 
2.97175 -1.21044 
3.09846 -1.21735 
3.10542 -1.22588 
3.00751 -1.22028 
3.11771 -1.22909 
3.09549 -1.22254 
3.19636 -1.218 
3.17349 -1.23332 
3.20144 -1.2183 
3.17741 -1.23114 
3.24672 -1.21557 
3.23893 -1.21587 
3.27208 -1.19285 
3.21834 -1.18171 
3.32569 -1.15547 
3.25496 -1.15034 
3.39686 -1.12877 
3.29782 -1.13156 
3.37207 -1.11354 
3.32337 -1.11514 
3.33861 -1.11591 
3.2495 -1.12404 
3.38156 -1.12539 
3.23284 -1.13622 
3.20099 -1.12896 
3.14272 -1.14688 
3.2006 -1.13255 
3.16966 -1.11182 
3.15814 -1.07768 
3.16513 -0.969167 
3.16218 -0.927205 
3.17941 -0.909619 
3.16924 -0.904113 
3.15734 -0.919777 
3.16967 -0.921097 
3.17207 -0.991782 
3.17814 -1.02108 
3.14887 -1.14588 
3.21271 -1.14904 
3.12057 -1.01727 
3.13703 -0.988307 
3.13886 -0.920335 
3.09303 -0.918219 
3.12278 -0.901699 
3.1255 -0.908442 
3.09428 -0.930586 
3.10684 -0.968739 
3.13184 -1.07402 
3.13526 -1.11251 
3.13189 -1.12621 
3.05945 -1.14813 
3.04248 -1.13364 
3.13289 -1.14021 
2.99222 -1.11617 
2.95267 -1.12225 
2.90191 -1.11341 
2.98242 -1.11949 
2.93024 -1.11654 
2.98227 -1.12802 
2.88307 -1.13066 
2.96171 -1.13891 
2.94558 -1.15868 
3.05581 -1.18354 
3.00066 -1.19147 
3.09917 -1.21934 
3.06395 -1.21505 
3.13734 -1.23879 
3.08354 -1.2215 
3.13797 -1.23252 
3.08886 -1.22051 
3.20808 -1.22042 
3.16821 -1.23023 
3.2001 -1.22421 
3.1768 -1.23659 
3.33478 -1.21541 
3.19475 -1.21711 
3.30611 -1.19358 
3.22134 -1.17824 
3.27956 -1.15748 
3.30714 -1.14613 
3.37864 -1.13488 
3.33003 -1.12754 
3.43394 -1.11732 
3.3284 -1.12561 
3.39472 -1.11902 
3.32179 -1.12766 
3.2506 -1.1242 
3.24969 -1.14068 
3.3007 -1.13259 
3.1913 -1.14646 
3.14443 -1.13855 
3.17219 -1.11811 
3.1721 -1.08005 
3.16557 -0.982271 
3.18267 -0.931377 
3.16435 -0.91119 
3.14325 -0.903386 
3.16026 -0.91941 
3.22378 -0.921093 
3.15829 -0.984931 
3.19229 -1.01902 
3.13983 -1.14305 
3.15078 -1.14127 
3.12066 -1.01666 
3.10629 -0.988307 
3.13433 -0.923968 
3.06712 -0.916202 
3.10213 -0.904365 
3.12997 -0.910808 
3.08764 -0.933823 
3.13935 -0.980489 
3.12659 -1.08312 
3.1335 -1.12025 
3.0506 -1.13606 
3.11766 -1.14508 
3.0009 -1.13082 
3.07283 -1.13829 
2.98115 -1.12445 
3.06459 -1.12376 
2.91658 -1.11704 
2.95867 -1.12312 
2.84745 -1.1205 
3.02007 -1.12588 
2.89719 -1.1336 
3.07127 -1.14851 
2.95215 -1.15875 
3.01068 -1.18156 
3.02894 -1.19603 
3.05437 -1.21561 
3.09969 -1.21649 
3.13712 -1.22786 
3.1052 -1.22046 
3.10532 -1.23378 
3.10955 -1.22388 
3.20585 -1.22222 
3.16979 -1.22946 
3.22582 -1.21548 
3.22323 -1.23309 
3.22644 -1.22445 
3.15693 -1.21195 
3.28857 -1.19647 
3.23871 -1.18026 
3.29173 -1.16247 
3.2585 -1.14614 
3.37064 -1.13365 
3.27833 -1.13178 
3.36843 -1.12089 
3.31115 -1.1262 
3.40704 -1.11492 
3.27704 -1.13168 
3.37802 -1.1315 
3.23222 -1.14059 
3.26628 -1.13223 
3.18833 -1.14743 
3.18403 -1.13837 
3.15297 -1.12323 
3.14237 -1.09144 
3.14871 -0.992334 
3.17407 -0.936105 
3.15113 -0.916429 
3.18442 -0.904398 
3.17325 -0.919477 
3.17955 -0.919683 
3.15106 -0.98909 
3.16107 -1.01313 
3.08577 -1.14319 
3.13609 -1.14691 
3.08045 -1.02086 
3.10657 -0.980878 
3.12551 -0.919599 
3.09493 -0.917954 
3.09524 -0.904508 
3.12497 -0.911505 
3.12908 -0.937598 
3.09342 -0.993555 
3.10093 -1.08683 
3.1048 -1.12425 
3.088 -1.13739 
3.06947 -1.14976 
3.05757 -1.13052 
2.97645 -1.13766 
3.02165 -1.12545 
2.98177 -1.13104 
2.89951 -1.12165 
2.97813 -1.12493 
2.92909 -1.11766 
3.03671 -1.12895 
2.93647 -1.13044 
3.03636 -1.15182 
3.017 -1.16686 
3.04668 -1.17823 
3.03623 -1.19502 
3.12599 -1.21721 
3.03153 -1.21556 
3.06005 -1.22652 
3.08462 -1.22185 
3.05907 -1.23315 
3.0519 -1.21827 
3.23225 -1.22118 
3.17541 -1.23301 
3.23561 -1.21587 
3.19715 -1.23267 
3.21199 -1.21476 
3.20503 -1.21751 
3.31191 -1.19497 
3.16958 -1.18274 
3.27395 -1.16461 
3.28291 -1.14878 
3.36205 -1.13804 
3.33286 -1.13188 
3.39144 -1.11611 
3.30961 -1.12529 
3.34667 -1.11722 
3.33272 -1.13218 
3.28742 -1.12033 
3.23428 -1.14065 
3.32411 -1.13227 
3.15316 -1.14654 
3.28438 -1.14019 
3.16319 -1.1344 
3.18351 -1.09646 
3.14429 -0.998847 
3.14176 -0.946193 
3.15641 -0.912511 
3.15065 -0.907654 
3.17119 -0.918143 
3.21601 -0.922268 
3.16343 -0.986571 
3.19296 -1.0145 
3.08975 -1.14342 
3.1233 -1.14726 
3.13969 -1.01719 
3.14151 -0.98387 
3.09421 -0.919099 
3.11094 -0.919529 
3.05196 -0.903904 
3.13165 -0.913967 
3.10931 -0.945536 
3.13639 -1.0037 
3.09947 -1.09902 
3.13582 -1.12693 
3.09837 -1.14412 
3.13075 -1.15181 
3.00799 -1.13724 
3.1121 -1.14227 
3.01215 -1.1325 
3.04415 -1.12894 
2.86509 -1.11821 
2.95493 -1.1243 
2.9161 -1.11672 
3.02453 -1.12923 
2.92334 -1.13229 
2.97214 -1.1504 
3.00454 -1.16626 
3.06849 -1.19212 
3.02372 -1.20011 
3.12604 -1.21656 
3.06928 -1.21744 
3.10824 -1.23305 
3.0554 -1.22227 
3.12567 -1.23314 
3.04433 -1.21878 
3.21764 -1.21928 
3.14219 -1.23513 
3.19765 -1.22027 
3.17019 -1.23028 
3.23339 -1.21785 
3.21681 -1.22306 
3.25089 -1.19218 
3.27531 -1.18686 
3.33396 -1.16331 
3.28416 -1.15496 
3.35208 -1.13766 
3.31436 -1.12672 
3.38895 -1.11749 
3.29164 -1.1296 
3.425 -1.11782 
3.27337 -1.1282 
3.30894 -1.12517 
3.1543 -1.14643 
3.33418 -1.1337 
3.14814 -1.1529 
3.18961 -1.14038 
3.1562 -1.13081 
3.18875 -1.10433 
3.14387 -1.01137 
3.16455 -0.951888 
3.14213 -0.915461 
3.18277 -0.906429 
3.15116 -0.916914 
3.1422 -0.921061 
3.16175 -0.98447 
3.22889 -1.01589 
3.15168 -1.14558 
3.20636 -1.13613 
3.13657 -1.01177 
3.12087 -0.981727 
3.12441 -0.917609 
3.1281 -0.916707 
3.127 -0.905048 
3.13481 -0.914487 
3.04953 -0.952819 
3.13467 -1.01306 
3.07729 -1.1046 
3.11294 -1.13343 
3.05883 -1.13697 
3.12398 -1.15163 
3.06772 -1.13311 
3.04275 -1.14535 
2.99337 -1.12691 
2.98458 -1.1292 
2.92981 -1.11695 
2.96116 -1.1259 
2.86759 -1.1176 
3.02427 -1.12571 
2.93096 -1.14161 
2.97276 -1.15179 
3.03699 -1.16457 
3.06878 -1.18288 
3.01394 -1.20001 
3.13242 -1.22081 
3.03508 -1.22057 
3.11987 -1.23635 
3.11632 -1.21911 
3.14109 -1.23396 
3.13681 -1.21972 
